"Distribution of fish species biomass (tonne) by Age class (year). Class i designates interval [i,i+1[."
"Time","Age","lesserSpottedDogfish","redMullet","pouting","whiting","poorCod","cod","dragonet","sole","plaice","horseMackerel","mackerel","herring","sardine","squids","cuttlefish","thornbackRay"
1.0,0.0,1140.8248,1501.9794,234808.27,1748259.1,2880.451,11251.969,6385.8706,47363.254,43671.277,155820.34,42957.78,3725408.8,72260.72,2.6019706E7,15586.592,92.07624
1.0,1.0,742.22437,337.79437,14104.246,31848.479,1597.1957,270.34402,4287.6064,2295.9998,1359.1506,40692.08,10629.675,154308.33,36477.383,814059.94,9878.996,99.57009
1.0,2.0,1515.6174,317.6238,7786.1084,7970.3926,2866.6519,230.59677,6085.824,1343.3013,975.30023,22195.059,2422.3875,24894.309,31352.852,0.0,0.0,146.61766
1.0,3.0,2263.6807,332.2693,5934.4,4864.6753,0.0,177.5511,6375.108,1011.56244,897.91895,18250.36,1751.9834,21036.16,19683.027,0.0,0.0,203.08275
1.0,4.0,3016.088,340.8458,0.0,3231.2578,0.0,156.78342,5829.2905,802.843,800.1333,15775.115,1344.0668,18474.945,14200.331,0.0,0.0,255.07457
1.0,5.0,3687.0662,304.54773,0.0,2261.2917,0.0,136.81227,4825.214,624.42487,758.773,14725.593,1101.2783,14515.322,11343.773,0.0,0.0,314.43515
1.0,6.0,4437.359,285.07242,0.0,1811.0117,0.0,112.36206,0.0,553.8232,684.78625,12987.584,918.0002,13431.913,8284.657,0.0,0.0,361.42307
1.0,7.0,5166.4287,277.09396,0.0,1424.6384,0.0,101.762115,0.0,470.32483,579.56464,11340.798,772.75543,11976.242,5962.8247,0.0,0.0,395.66858
1.0,8.0,5735.61,255.00046,0.0,1107.2897,0.0,93.66478,0.0,394.36234,509.64716,10135.725,639.5587,10680.68,4796.459,0.0,0.0,434.26535
1.0,9.0,6125.115,229.65822,0.0,864.24646,0.0,84.11085,0.0,323.56015,469.75778,9730.4795,559.9619,9062.299,3899.5952,0.0,0.0,467.71683
1.0,10.0,0.0,201.75883,0.0,717.40106,0.0,73.67015,0.0,275.3917,436.89572,9173.257,500.33575,7703.357,3728.8928,0.0,0.0,496.57642
1.0,11.0,0.0,0.0,0.0,636.3522,0.0,63.405514,0.0,250.34624,387.8155,8313.5,448.47946,0.0,3024.16,0.0,0.0,516.0035
1.0,12.0,0.0,0.0,0.0,562.37115,0.0,54.04447,0.0,225.78148,342.55716,7509.832,402.69095,0.0,2599.7983,0.0,0.0,532.2902
1.0,13.0,0.0,0.0,0.0,501.56946,0.0,48.20691,0.0,199.19958,299.64685,6668.4,355.60767,0.0,2217.1826,0.0,0.0,540.8932
1.0,14.0,0.0,0.0,0.0,443.84042,0.0,44.927105,0.0,183.22604,259.62305,5888.8457,315.22025,0.0,1925.6062,0.0,0.0,542.7958
1.0,15.0,0.0,0.0,0.0,393.1369,0.0,41.536083,0.0,166.198,0.0,0.0,277.984,0.0,0.0,0.0,0.0,0.0
1.0,16.0,0.0,0.0,0.0,348.61737,0.0,38.179592,0.0,147.90741,0.0,0.0,242.95901,0.0,0.0,0.0,0.0,0.0
1.0,17.0,0.0,0.0,0.0,308.7496,0.0,34.92976,0.0,132.75822,0.0,0.0,0.0,0.0,0.0,0.0,0.0,0.0
1.0,18.0,0.0,0.0,0.0,269.8289,0.0,31.834396,0.0,116.456795,0.0,0.0,0.0,0.0,0.0,0.0,0.0,0.0
1.0,19.0,0.0,0.0,0.0,242.33772,0.0,28.92256,0.0,105.67823,0.0,0.0,0.0,0.0,0.0,0.0,0.0,0.0
1.0,20.0,0.0,0.0,0.0,0.0,0.0,26.209711,0.0,0.0,0.0,0.0,0.0,0.0,0.0,0.0,0.0,0.0
1.0,21.0,0.0,0.0,0.0,0.0,0.0,23.701347,0.0,0.0,0.0,0.0,0.0,0.0,0.0,0.0,0.0,0.0
1.0,22.0,0.0,0.0,0.0,0.0,0.0,21.395983,0.0,0.0,0.0,0.0,0.0,0.0,0.0,0.0,0.0,0.0
1.0,23.0,0.0,0.0,0.0,0.0,0.0,19.287384,0.0,0.0,0.0,0.0,0.0,0.0,0.0,0.0,0.0,0.0
1.0,24.0,0.0,0.0,0.0,0.0,0.0,17.366219,0.0,0.0,0.0,0.0,0.0,0.0,0.0,0.0,0.0,0.0
1.0,25.0,0.0,0.0,0.0,0.0,0.0,0.0,0.0,0.0,0.0,0.0,0.0,0.0,0.0,0.0,0.0,0.0
2.0,0.0,1098.6688,1367.3756,718111.7,1.2089756E7,1884.673,26433.355,4458.9146,33843.16,10515.181,35340.03,126694.27,646536.5,9427.11,1.1166921E8,7787.255,324.63022
2.0,1.0,463.74622,13.109514,183313.2,8921351.0,843.41516,42428.453,156.21439,6777.332,10456.108,44387.91,192978.97,8290618.5,3618.01,2.0130064E7,17594.617,333.1124
2.0,2.0,887.8425,51.419025,7404.7285,30316.385,167.33574,1051.8483,724.2365,785.6085,893.73096,18000.979,6232.9897,185590.62,7017.6777,0.0,0.0,153.41927
2.0,3.0,1419.4004,90.50433,4220.222,5123.501,0.0,511.5094,2229.695,561.25134,652.9586,9619.778,1363.8424,16209.044,2290.92,0.0,0.0,163.63927
2.0,4.0,2045.6777,140.55644,0.0,2265.9387,0.0,291.4224,2949.712,509.54214,647.07495,7278.868,1185.0217,12412.783,3439.5542,0.0,0.0,177.13281
2.0,5.0,2456.6184,160.19727,0.0,1342.2384,0.0,205.2914,3079.9805,406.69147,576.3657,7902.516,775.5449,9271.953,3661.5396,0.0,0.0,189.01756
2.0,6.0,2814.2202,143.21964,0.0,1026.6299,0.0,156.13417,0.0,353.0122,535.99963,7036.7803,690.172,7116.1523,2424.743,0.0,0.0,208.62614
2.0,7.0,3240.057,135.28133,0.0,791.8184,0.0,114.93161,0.0,321.61053,465.5257,6290.282,452.34732,7990.784,1752.9235,0.0,0.0,218.94487
2.0,8.0,3585.2627,130.26047,0.0,578.8466,0.0,95.96212,0.0,275.39255,391.93195,6552.2593,422.7913,6908.6704,1121.2819,0.0,0.0,222.53563
2.0,9.0,3799.3987,120.08126,0.0,468.3895,0.0,83.09702,0.0,237.30864,336.61044,5514.279,410.36575,6480.532,812.5466,0.0,0.0,231.23532
2.0,10.0,0.0,108.89889,0.0,356.30774,0.0,71.189224,0.0,196.2078,305.07803,5491.9233,344.1536,3727.5063,997.5439,0.0,0.0,236.86687
2.0,11.0,0.0,0.0,0.0,284.3864,0.0,59.949684,0.0,164.06218,283.4186,5334.035,281.22092,0.0,926.94116,0.0,0.0,242.82382
2.0,12.0,0.0,0.0,0.0,262.99097,0.0,50.143208,0.0,154.44063,247.00519,4677.9985,255.67136,0.0,531.4994,0.0,0.0,242.96878
2.0,13.0,0.0,0.0,0.0,216.50613,0.0,41.731365,0.0,137.42905,217.62189,3893.0615,224.99388,0.0,425.477,0.0,0.0,246.26161
2.0,14.0,0.0,0.0,0.0,188.19472,0.0,36.505302,0.0,123.054306,190.22067,3781.9565,215.02678,0.0,493.44763,0.0,0.0,245.72368
2.0,15.0,0.0,0.0,0.0,174.88524,0.0,33.506462,0.0,116.35575,0.0,0.0,184.21541,0.0,0.0,0.0,0.0,0.0
2.0,16.0,0.0,0.0,0.0,167.29044,0.0,30.578472,0.0,104.20218,0.0,0.0,165.68658,0.0,0.0,0.0,0.0,0.0
2.0,17.0,0.0,0.0,0.0,147.12872,0.0,27.821058,0.0,93.621544,0.0,0.0,0.0,0.0,0.0,0.0,0.0,0.0
2.0,18.0,0.0,0.0,0.0,125.92287,0.0,25.244822,0.0,83.44034,0.0,0.0,0.0,0.0,0.0,0.0,0.0,0.0
2.0,19.0,0.0,0.0,0.0,116.60405,0.0,22.851469,0.0,72.36759,0.0,0.0,0.0,0.0,0.0,0.0,0.0,0.0
2.0,20.0,0.0,0.0,0.0,0.0,0.0,20.643164,0.0,0.0,0.0,0.0,0.0,0.0,0.0,0.0,0.0,0.0
2.0,21.0,0.0,0.0,0.0,0.0,0.0,18.621468,0.0,0.0,0.0,0.0,0.0,0.0,0.0,0.0,0.0,0.0
2.0,22.0,0.0,0.0,0.0,0.0,0.0,16.774183,0.0,0.0,0.0,0.0,0.0,0.0,0.0,0.0,0.0,0.0
2.0,23.0,0.0,0.0,0.0,0.0,0.0,15.095975,0.0,0.0,0.0,0.0,0.0,0.0,0.0,0.0,0.0,0.0
2.0,24.0,0.0,0.0,0.0,0.0,0.0,13.5732355,0.0,0.0,0.0,0.0,0.0,0.0,0.0,0.0,0.0,0.0
2.0,25.0,0.0,0.0,0.0,0.0,0.0,0.0,0.0,0.0,0.0,0.0,0.0,0.0,0.0,0.0,0.0,0.0
3.0,0.0,776.6168,674.3172,1945917.1,3.7430676E7,4101.2056,69317.15,4183.0264,16579.158,12820.048,16711.14,68795.07,468879.2,2954.269,7.43131E8,4117.561,240.98001
3.0,1.0,375.76364,82.34519,311751.4,2.6967078E7,4199.5767,9080.052,391.02197,1423.6246,1139.6287,29745.732,411288.72,903705.25,0.5471402,1.4260109E8,9500.57,927.08594
3.0,2.0,477.65335,1.0669924,99988.53,6520217.0,23.73801,34777.625,2.0644968,369.8236,835.6847,50419.27,186513.0,7455341.0,261.48853,0.0,0.0,474.19696
3.0,3.0,768.04895,6.9909225,3499.6697,16929.86,0.0,1905.4069,134.69617,126.274574,575.2782,12025.581,3889.6946,118564.23,161.75558,0.0,0.0,148.02667
3.0,4.0,1222.3379,18.930147,0.0,2121.4683,0.0,710.2102,701.77,167.72554,427.50644,4807.493,774.73615,7262.683,318.96722,0.0,0.0,130.66498
3.0,5.0,1709.9729,52.010216,0.0,911.8407,0.0,355.3274,1086.8428,201.92418,434.49597,3308.5166,717.8429,4964.637,427.95004,0.0,0.0,125.14257
3.0,6.0,1892.5433,72.67198,0.0,554.56067,0.0,222.53365,0.0,203.75276,420.7535,2640.966,418.77103,1980.6025,367.96774,0.0,0.0,119.53997
3.0,7.0,2091.3176,64.3748,0.0,440.36328,0.0,154.35583,0.0,188.87541,377.34415,3180.85,256.93124,3827.2253,509.81473,0.0,0.0,121.81616
3.0,8.0,2292.3918,60.5747,0.0,265.81424,0.0,106.31474,0.0,152.13332,315.66556,3430.192,220.64696,4550.6626,125.753525,0.0,0.0,120.386894
3.0,9.0,2425.757,62.43283,0.0,177.89316,0.0,84.0247,0.0,147.77644,264.34277,3656.6665,218.09561,3143.626,69.61677,0.0,0.0,116.69692
3.0,10.0,0.0,58.45666,0.0,151.75269,0.0,69.759384,0.0,138.39842,227.8307,2740.4634,205.77568,2745.621,56.395103,0.0,0.0,116.83698
3.0,11.0,0.0,0.0,0.0,100.87541,0.0,57.687733,0.0,112.22693,201.59508,2704.9165,170.65611,0.0,173.97781,0.0,0.0,115.505104
3.0,12.0,0.0,0.0,0.0,97.07938,0.0,47.253845,0.0,84.74022,183.8464,2492.4727,145.44467,0.0,193.96033,0.0,0.0,115.076485
3.0,13.0,0.0,0.0,0.0,90.81468,0.0,38.617737,0.0,94.362,161.32187,2179.845,120.79991,0.0,56.100563,0.0,0.0,112.69031
3.0,14.0,0.0,0.0,0.0,71.1217,0.0,31.557768,0.0,77.565414,140.53386,1947.2047,133.67967,0.0,43.893856,0.0,0.0,111.536674
3.0,15.0,0.0,0.0,0.0,52.10381,0.0,27.191635,0.0,73.44167,0.0,0.0,117.14552,0.0,0.0,0.0,0.0,0.0
3.0,16.0,0.0,0.0,0.0,44.655396,0.0,24.64818,0.0,66.572945,0.0,0.0,97.995285,0.0,0.0,0.0,0.0,0.0
3.0,17.0,0.0,0.0,0.0,61.711266,0.0,22.264704,0.0,58.216274,0.0,0.0,0.0,0.0,0.0,0.0,0.0,0.0
3.0,18.0,0.0,0.0,0.0,42.26453,0.0,20.088411,0.0,57.33351,0.0,0.0,0.0,0.0,0.0,0.0,0.0,0.0
3.0,19.0,0.0,0.0,0.0,24.425085,0.0,18.112003,0.0,50.752537,0.0,0.0,0.0,0.0,0.0,0.0,0.0,0.0
3.0,20.0,0.0,0.0,0.0,0.0,0.0,16.29972,0.0,0.0,0.0,0.0,0.0,0.0,0.0,0.0,0.0,0.0
3.0,21.0,0.0,0.0,0.0,0.0,0.0,14.659138,0.0,0.0,0.0,0.0,0.0,0.0,0.0,0.0,0.0,0.0
3.0,22.0,0.0,0.0,0.0,0.0,0.0,13.177127,0.0,0.0,0.0,0.0,0.0,0.0,0.0,0.0,0.0,0.0
3.0,23.0,0.0,0.0,0.0,0.0,0.0,11.834383,0.0,0.0,0.0,0.0,0.0,0.0,0.0,0.0,0.0,0.0
3.0,24.0,0.0,0.0,0.0,0.0,0.0,10.622567,0.0,0.0,0.0,0.0,0.0,0.0,0.0,0.0,0.0,0.0
3.0,25.0,0.0,0.0,0.0,0.0,0.0,0.0,0.0,0.0,0.0,0.0,0.0,0.0,0.0,0.0,0.0,0.0
4.0,0.0,641.61804,428.6563,3385425.0,4.68684E7,4656.517,63710.117,1474.3994,15017.718,8334.639,128209.48,15005.57,446760.34,2429.2866,9.767545E8,1383.4221,146.68565
4.0,1.0,217.71605,43.723743,1812309.0,8.51881E7,2288.7864,184160.25,216.42839,1191.9713,5028.6455,7926.4185,142271.81,291267.75,2482.9473,5.702984E8,5069.1665,673.03735
4.0,2.0,371.16888,9.05022E-4,49597.29,2.7304794E7,6418.746,6087.766,0.0024860725,27.436846,122.832085,40398.74,409241.8,319580.88,0.3067709,0.0,0.0,1164.0953
4.0,3.0,548.10236,0.07972729,50954.207,3792052.5,0.0,29790.1,4.028577E-4,8.272431,423.92642,50563.81,160860.77,5273314.0,6.4860897,0.0,0.0,432.8933
4.0,4.0,723.5446,0.9700606,0.0,8162.745,0.0,2269.6433,14.765609,21.68688,373.8432,9953.879,2613.5623,90218.74,2.4322762,0.0,0.0,110.35364
4.0,5.0,1089.0996,4.902961,0.0,913.5466,0.0,756.39185,170.93867,41.52173,268.40515,2899.4983,443.9569,5186.5996,107.96124,0.0,0.0,87.354454
4.0,6.0,1409.347,22.4419,0.0,331.49304,0.0,362.49567,0.0,63.63762,223.06804,2169.42,377.43222,3001.8088,10.266125,0.0,0.0,77.123215
4.0,7.0,1463.0396,29.894567,0.0,188.86333,0.0,212.87753,0.0,79.99601,296.6955,1542.0748,203.11662,974.63934,78.78457,0.0,0.0,68.74295
4.0,8.0,1527.5377,27.335072,0.0,156.84694,0.0,139.58144,0.0,70.329,267.0438,2026.059,132.29198,2370.5544,46.569233,0.0,0.0,66.113846
4.0,9.0,1602.2845,24.866539,0.0,92.71247,0.0,91.26539,0.0,69.27682,217.03137,1912.6173,105.25949,2141.8142,0.97685677,0.0,0.0,62.436832
4.0,10.0,0.0,29.614365,0.0,60.94438,0.0,69.6799,0.0,79.56059,179.08504,2040.5607,113.60334,1863.338,0.00374735,0.0,0.0,58.377827
4.0,11.0,0.0,0.0,0.0,51.210308,0.0,55.902885,0.0,72.06171,153.2324,1536.2115,109.63434,0.0,1.7666665,0.0,0.0,56.569977
4.0,12.0,0.0,0.0,0.0,37.301327,0.0,45.197628,0.0,54.960335,133.99869,1578.587,75.60705,0.0,18.243837,0.0,0.0,54.543262
4.0,13.0,0.0,0.0,0.0,29.813017,0.0,36.302887,0.0,45.23356,119.89801,1468.4556,57.03408,0.0,48.834705,0.0,0.0,53.219513
4.0,14.0,0.0,0.0,0.0,19.430525,0.0,29.07655,0.0,54.94322,104.87001,1238.3331,67.88896,0.0,12.037813,0.0,0.0,51.155308
4.0,15.0,0.0,0.0,0.0,17.234367,0.0,23.425434,0.0,40.800797,0.0,0.0,66.02426,0.0,0.0,0.0,0.0,0.0
4.0,16.0,0.0,0.0,0.0,9.299027,0.0,19.966087,0.0,41.72009,0.0,0.0,55.39166,0.0,0.0,0.0,0.0,0.0
4.0,17.0,0.0,0.0,0.0,13.797105,0.0,17.926254,0.0,37.211903,0.0,0.0,0.0,0.0,0.0,0.0,0.0,0.0
4.0,18.0,0.0,0.0,0.0,17.652193,0.0,16.054611,0.0,25.01284,0.0,0.0,0.0,0.0,0.0,0.0,0.0,0.0
4.0,19.0,0.0,0.0,0.0,15.197952,0.0,14.397259,0.0,26.9532,0.0,0.0,0.0,0.0,0.0,0.0,0.0,0.0
4.0,20.0,0.0,0.0,0.0,0.0,0.0,12.90717,0.0,0.0,0.0,0.0,0.0,0.0,0.0,0.0,0.0,0.0
4.0,21.0,0.0,0.0,0.0,0.0,0.0,11.565784,0.0,0.0,0.0,0.0,0.0,0.0,0.0,0.0,0.0,0.0
4.0,22.0,0.0,0.0,0.0,0.0,0.0,10.366438,0.0,0.0,0.0,0.0,0.0,0.0,0.0,0.0,0.0,0.0
4.0,23.0,0.0,0.0,0.0,0.0,0.0,9.291514,0.0,0.0,0.0,0.0,0.0,0.0,0.0,0.0,0.0,0.0
4.0,24.0,0.0,0.0,0.0,0.0,0.0,8.327034,0.0,0.0,0.0,0.0,0.0,0.0,0.0,0.0,0.0,0.0
4.0,25.0,0.0,0.0,0.0,0.0,0.0,0.0,0.0,0.0,0.0,0.0,0.0,0.0,0.0,0.0,0.0,0.0
5.0,0.0,503.90665,353.51892,1792332.9,1.4799456E8,6933.2886,10137.255,50.807297,5705.8325,8159.9233,157183.72,21076.076,320937.75,336.04126,1.6259671E9,534.15594,129.97272
5.0,1.0,99.32858,45.55746,2829463.8,7.659466E7,1194.6847,42523.457,27.92409,2726.5994,887.412,7431.9224,5481.57,267615.2,378.1479,6.50763E8,978.97675,408.3465
5.0,2.0,265.04968,0.18595855,1976565.6,6.227682E7,2513.1082,148042.66,0.0,9.0016,1212.3804,11805.696,118086.23,257495.75,10.69188,0.0,0.0,835.1148
5.0,3.0,451.01923,0.0,17679.305,1.5873197E7,0.0,6176.585,0.0,0.0968169,68.11533,57918.477,292146.0,176864.02,0.18606117,0.0,0.0,996.8422
5.0,4.0,536.7944,0.003269832,0.0,1844470.0,0.0,28465.914,0.0,0.26546395,73.37591,48887.527,96281.91,4181329.8,0.0,0.0,0.0,313.4626
5.0,5.0,638.9554,0.17771211,0.0,3659.699,0.0,2249.2222,3.8979625E-4,3.0425098,255.85918,6796.006,1604.5228,70278.46,0.0,0.0,0.0,70.57586
5.0,6.0,890.5178,1.4285121,0.0,320.99432,0.0,724.2444,0.0,12.871929,164.38335,1889.0414,266.6896,3180.656,0.0,0.0,0.0,51.752213
5.0,7.0,1096.153,7.450256,0.0,119.480995,0.0,331.84778,0.0,19.65815,138.84366,1308.7552,211.3325,1508.2764,0.0,0.0,0.0,43.162357
5.0,8.0,1082.5609,15.291946,0.0,70.19714,0.0,187.66074,0.0,21.618055,216.77582,829.27295,128.36914,446.35715,0.023372008,0.0,0.0,36.803246
5.0,9.0,1085.3348,10.303451,0.0,43.432373,0.0,118.42956,0.0,29.323515,186.45126,1155.2733,60.199223,1397.3188,0.4181175,0.0,0.0,33.904037
5.0,10.0,0.0,11.251135,0.0,26.218254,0.0,74.489815,0.0,31.614662,150.5741,1062.2657,50.917427,1221.9147,0.28455973,0.0,0.0,30.923765
5.0,11.0,0.0,0.0,0.0,17.201786,0.0,55.426697,0.0,26.877567,120.29084,975.73535,53.8209,0.0,0.0,0.0,0.0,28.08422
5.0,12.0,0.0,0.0,0.0,16.747633,0.0,43.457726,0.0,33.94301,102.44537,865.32166,57.999043,0.0,0.0,0.0,0.0,26.56534
5.0,13.0,0.0,0.0,0.0,12.880579,0.0,34.465008,0.0,21.03569,88.02631,873.02826,35.70714,0.0,2.1169522,0.0,0.0,25.11313
5.0,14.0,0.0,0.0,0.0,7.3394647,0.0,27.252756,0.0,24.360855,77.795876,739.52203,30.691662,0.0,2.1532495,0.0,0.0,24.07125
5.0,15.0,0.0,0.0,0.0,3.0463707,0.0,21.492456,0.0,30.615347,0.0,0.0,30.63847,0.0,0.0,0.0,0.0,0.0
5.0,16.0,0.0,0.0,0.0,3.8696108,0.0,17.18736,0.0,20.67348,0.0,0.0,30.847952,0.0,0.0,0.0,0.0,0.0
5.0,17.0,0.0,0.0,0.0,3.4317374,0.0,14.492656,0.0,22.282087,0.0,0.0,0.0,0.0,0.0,0.0,0.0,0.0
5.0,18.0,0.0,0.0,0.0,3.9226313,0.0,12.920564,0.0,14.338949,0.0,0.0,0.0,0.0,0.0,0.0,0.0,0.0
5.0,19.0,0.0,0.0,0.0,4.838111,0.0,11.48269,0.0,12.698848,0.0,0.0,0.0,0.0,0.0,0.0,0.0,0.0
5.0,20.0,0.0,0.0,0.0,0.0,0.0,10.256188,0.0,0.0,0.0,0.0,0.0,0.0,0.0,0.0,0.0,0.0
5.0,21.0,0.0,0.0,0.0,0.0,0.0,9.152755,0.0,0.0,0.0,0.0,0.0,0.0,0.0,0.0,0.0,0.0
5.0,22.0,0.0,0.0,0.0,0.0,0.0,8.180052,0.0,0.0,0.0,0.0,0.0,0.0,0.0,0.0,0.0,0.0
5.0,23.0,0.0,0.0,0.0,0.0,0.0,7.3059773,0.0,0.0,0.0,0.0,0.0,0.0,0.0,0.0,0.0,0.0
5.0,24.0,0.0,0.0,0.0,0.0,0.0,6.533153,0.0,0.0,0.0,0.0,0.0,0.0,0.0,0.0,0.0,0.0
5.0,25.0,0.0,0.0,0.0,0.0,0.0,0.0,0.0,0.0,0.0,0.0,0.0,0.0,0.0,0.0,0.0,0.0
6.0,0.0,503.22144,147.9894,4418786.0,3.0052858E8,4618.249,81597.914,0.090891235,3785.1213,16538.307,124029.5,106458.62,78629.37,1245.8884,4.4010307E9,1201.5012,214.50754
6.0,1.0,239.06355,56.63488,1321030.8,3.7863562E8,2142.6528,4002.2925,0.0048732604,334.39227,1255.7268,70941.43,29588.043,559615.6,112.14984,1.03183104E9,751.1734,404.93466
6.0,2.0,149.97356,0.23196082,2977712.8,7.144265E7,686.8513,60586.754,4.2897585E-4,239.54681,23.179375,16654.217,4452.879,244562.2,0.26011232,0.0,0.0,509.5776
6.0,3.0,303.34808,0.083605975,1469535.0,3.863519E7,0.0,201585.11,0.0,0.13582364,10.764488,13924.977,97920.44,187858.48,0.6201518,0.0,0.0,717.0467
6.0,4.0,449.95956,0.0,0.0,7886616.0,0.0,5088.4014,0.0,0.0026048024,11.901662,30657.156,215056.64,117221.9,0.13348402,0.0,0.0,699.28076
6.0,5.0,475.0109,0.0019011538,0.0,726811.5,0.0,23772.936,0.0,0.014696172,38.288578,36075.594,60089.523,3223762.5,0.0,0.0,0.0,196.77725
6.0,6.0,519.72095,0.09255991,0.0,1593.8898,0.0,1995.7386,0.0,1.5559225,179.06699,4306.145,973.4064,37512.53,0.0,0.0,0.0,40.620018
6.0,7.0,694.752,0.3746604,0.0,110.31732,0.0,630.5185,0.0,4.0975404,101.7481,863.05853,142.93333,1219.5815,0.0,0.0,0.0,28.323988
6.0,8.0,821.2063,3.9161344,0.0,36.81664,0.0,286.09186,0.0,3.2052562,86.32996,622.68475,97.16815,942.2582,0.0,0.0,0.0,22.645926
6.0,9.0,781.61163,7.6231847,0.0,22.585634,0.0,156.03613,0.0,8.752019,147.19565,499.2179,36.278694,237.19444,0.0,0.0,0.0,18.658644
6.0,10.0,0.0,4.216042,0.0,15.224201,0.0,95.97,0.0,13.174247,126.65756,644.1258,29.360294,699.7985,0.08862018,0.0,0.0,16.644464
6.0,11.0,0.0,0.0,0.0,7.79556,0.0,58.95635,0.0,9.912249,103.51712,557.4973,24.78004,0.0,0.04903299,0.0,0.0,14.787242
6.0,12.0,0.0,0.0,0.0,3.2173343,0.0,42.923107,0.0,7.6567883,81.02825,585.35046,24.492638,0.0,0.0,0.0,0.0,13.121531
6.0,13.0,0.0,0.0,0.0,2.8896065,0.0,33.111496,0.0,11.681092,67.92344,436.7668,22.995996,0.0,0.0,0.0,0.0,12.170959
6.0,14.0,0.0,0.0,0.0,3.4826615,0.0,25.871151,0.0,9.354363,57.775776,409.60678,12.613054,0.0,0.46862277,0.0,0.0,11.320347
6.0,15.0,0.0,0.0,0.0,2.255632,0.0,20.188534,0.0,13.130454,0.0,0.0,13.869879,0.0,0.0,0.0,0.0,0.0
6.0,16.0,0.0,0.0,0.0,0.7477993,0.0,15.744096,0.0,12.29052,0.0,0.0,13.516997,0.0,0.0,0.0,0.0,0.0
6.0,17.0,0.0,0.0,0.0,0.9810846,0.0,12.483748,0.0,10.200331,0.0,0.0,0.0,0.0,0.0,0.0,0.0,0.0
6.0,18.0,0.0,0.0,0.0,0.37400132,0.0,10.445209,0.0,5.795218,0.0,0.0,0.0,0.0,0.0,0.0,0.0,0.0
6.0,19.0,0.0,0.0,0.0,0.65961,0.0,9.25674,0.0,5.6515627,0.0,0.0,0.0,0.0,0.0,0.0,0.0,0.0
6.0,20.0,0.0,0.0,0.0,0.0,0.0,8.182943,0.0,0.0,0.0,0.0,0.0,0.0,0.0,0.0,0.0,0.0
6.0,21.0,0.0,0.0,0.0,0.0,0.0,7.2736244,0.0,0.0,0.0,0.0,0.0,0.0,0.0,0.0,0.0,0.0
6.0,22.0,0.0,0.0,0.0,0.0,0.0,6.470674,0.0,0.0,0.0,0.0,0.0,0.0,0.0,0.0,0.0,0.0
6.0,23.0,0.0,0.0,0.0,0.0,0.0,5.7638726,0.0,0.0,0.0,0.0,0.0,0.0,0.0,0.0,0.0,0.0
6.0,24.0,0.0,0.0,0.0,0.0,0.0,5.1371727,0.0,0.0,0.0,0.0,0.0,0.0,0.0,0.0,0.0,0.0
6.0,25.0,0.0,0.0,0.0,0.0,0.0,0.0,0.0,0.0,0.0,0.0,0.0,0.0,0.0,0.0,0.0,0.0
7.0,0.0,421.78592,53.405334,3.503433E7,1.0621086E9,3632.2437,899982.5,0.11730822,1271.3857,5261.606,85443.64,304710.3,130961.5,494.0018,1.2034592E10,2005.8251,277.02206
7.0,1.0,281.95407,21.307844,8309532.0,5.2007165E8,903.95715,397601.03,0.040919635,751.29626,1159.9377,326480.0,567833.06,110893.21,241.7889,4.254668E9,1740.4989,640.2844
7.0,2.0,192.10411,0.47884688,737839.9,2.8873654E8,718.0517,5902.4526,4.6327536E-4,0.092629425,36.422985,43607.207,7438.7476,208094.77,0.027892694,0.0,0.0,529.8576
7.0,3.0,161.72028,0.090366,2466053.5,5.378014E7,0.0,63821.086,3.85273E-4,0.09322538,22.044825,23507.682,3418.709,184244.75,0.026467007,0.0,0.0,437.1345
7.0,4.0,310.50757,0.0276802,0.0,1.8664688E7,0.0,176744.38,0.0,0.06649813,1.0218914,9534.167,76625.09,136165.08,0.3177996,0.0,0.0,500.7249
7.0,5.0,395.17447,0.0,0.0,3471535.8,0.0,4854.8257,0.0,0.001883267,9.819022,20963.883,122020.13,85657.99,0.03262652,0.0,0.0,429.40387
7.0,6.0,380.43738,0.0015083224,0.0,287021.75,0.0,20761.451,0.0,0.0018216658,30.907095,23711.912,587.78864,1839322.4,0.0,0.0,0.0,112.03328
7.0,7.0,399.35672,0.05970648,0.0,602.881,0.0,1597.6489,0.0,0.7260368,102.66677,2691.0444,522.3915,16823.84,0.0,0.0,0.0,21.697088
7.0,8.0,515.11115,0.2347328,0.0,33.65777,0.0,527.4989,0.0,1.292192,67.729546,401.91745,64.42445,585.7234,0.0,0.0,0.0,14.575826
7.0,9.0,588.54956,1.745443,0.0,11.964791,0.0,234.63344,0.0,1.1358106,51.211506,238.7284,26.753326,317.8639,0.0,0.0,0.0,11.28843
7.0,10.0,0.0,3.6356056,0.0,7.555997,0.0,125.31298,0.0,3.5829647,94.809784,297.67795,14.301267,37.395233,0.0,0.0,0.0,9.06429
7.0,11.0,0.0,0.0,0.0,3.1018813,0.0,75.620346,0.0,2.5755024,68.66516,309.625,16.117977,0.0,0.0,0.0,0.0,7.889703
7.0,12.0,0.0,0.0,0.0,0.72648114,0.0,45.500828,0.0,0.098571576,63.254456,226.71321,11.952617,0.0,0.0,0.0,0.0,6.8708706
7.0,13.0,0.0,0.0,0.0,0.3202108,0.0,32.556343,0.0,1.3290133,53.15941,308.67517,11.033219,0.0,0.0,0.0,0.0,5.984885
7.0,14.0,0.0,0.0,0.0,0.28727463,0.0,24.747858,0.0,1.3654164,43.567513,206.25963,6.9617996,0.0,0.0,0.0,0.0,5.464689
7.0,15.0,0.0,0.0,0.0,0.42784077,0.0,19.121227,0.0,3.6392634,0.0,0.0,3.638913,0.0,0.0,0.0,0.0,0.0
7.0,16.0,0.0,0.0,0.0,0.47292298,0.0,14.77764,0.0,4.7530766,0.0,0.0,3.3965616,0.0,0.0,0.0,0.0,0.0
7.0,17.0,0.0,0.0,0.0,0.17254896,0.0,11.420483,0.0,7.071075,0.0,0.0,0.0,0.0,0.0,0.0,0.0,0.0
7.0,18.0,0.0,0.0,0.0,0.2832638,0.0,8.989028,0.0,2.9620826,0.0,0.0,0.0,0.0,0.0,0.0,0.0,0.0
7.0,19.0,0.0,0.0,0.0,0.032439023,0.0,7.4802866,0.0,2.5116577,0.0,0.0,0.0,0.0,0.0,0.0,0.0,0.0
7.0,20.0,0.0,0.0,0.0,0.0,0.0,6.5959187,0.0,0.0,0.0,0.0,0.0,0.0,0.0,0.0,0.0,0.0
7.0,21.0,0.0,0.0,0.0,0.0,0.0,5.804841,0.0,0.0,0.0,0.0,0.0,0.0,0.0,0.0,0.0,0.0
7.0,22.0,0.0,0.0,0.0,0.0,0.0,5.140578,0.0,0.0,0.0,0.0,0.0,0.0,0.0,0.0,0.0,0.0
7.0,23.0,0.0,0.0,0.0,0.0,0.0,4.5601153,0.0,0.0,0.0,0.0,0.0,0.0,0.0,0.0,0.0,0.0
7.0,24.0,0.0,0.0,0.0,0.0,0.0,4.0525484,0.0,0.0,0.0,0.0,0.0,0.0,0.0,0.0,0.0,0.0
7.0,25.0,0.0,0.0,0.0,0.0,0.0,0.0,0.0,0.0,0.0,0.0,0.0,0.0,0.0,0.0,0.0,0.0
8.0,0.0,314.05884,15.495834,3.2982634E8,6.702616E8,2390.8699,1.4298783E7,0.60802865,381.6225,13829.356,45373.383,49683.44,41717.473,808.96796,3.7549953E10,1485.8309,218.14471
8.0,1.0,197.67465,6.223009,4.053169E7,2.6194422E9,1094.0544,4369736.0,0.044035517,180.85773,66.53126,84798.805,561504.6,91546.65,104.44895,9.245435E9,1682.4476,777.8326
8.0,2.0,239.60727,0.66268706,9653913.0,3.1077232E8,288.59137,654236.56,6.724285E-4,435.54724,145.8499,466677.72,543619.94,76695.16,10.155876,0.0,0.0,814.6026
8.0,3.0,170.7015,0.13782097,536632.44,2.4796211E8,0.0,7254.0913,0.0,0.03663161,40.822124,49220.465,7233.1865,134348.4,0.007755032,0.0,0.0,462.2623
8.0,4.0,150.1247,0.019031888,0.0,1.794291E7,0.0,63398.293,0.0,0.06283945,20.775913,21785.697,2505.9297,75604.85,0.0,0.0,0.0,304.07642
8.0,5.0,257.6394,0.0028056835,0.0,4668228.0,0.0,165104.47,0.0,0.042315066,0.7020806,6549.7383,49391.934,104894.914,0.08611748,0.0,0.0,305.6593
8.0,6.0,307.2077,0.0,0.0,1557262.4,0.0,3146.429,0.0,1.8686483E-4,4.1282754,12027.388,62808.18,44711.74,0.0145080695,0.0,0.0,240.26237
8.0,7.0,288.97565,0.0011025739,0.0,118012.4,0.0,14071.433,0.0,3.2519875E-4,22.889328,13997.582,290.18988,988599.06,0.0,0.0,0.0,59.299343
8.0,8.0,289.82776,0.021777531,0.0,193.96571,0.0,1263.349,0.0,0.4614452,52.66732,1508.1204,258.41324,12374.403,0.0,0.0,0.0,10.952536
8.0,9.0,363.93542,0.13202925,0.0,9.974792,0.0,423.35947,0.0,0.45603132,40.234566,218.24966,24.31977,322.93274,0.0,0.0,0.0,7.167956
8.0,10.0,0.0,0.8248929,0.0,2.0453286,0.0,186.17441,0.0,0.16712888,15.383874,138.63037,10.937911,11.743156,0.0,0.0,0.0,5.410286
8.0,11.0,0.0,0.0,0.0,1.572198,0.0,97.648384,0.0,0.44462124,49.22995,153.15578,3.7827575,0.0,0.0,0.0,0.0,4.256829
8.0,12.0,0.0,0.0,0.0,0.46005172,0.0,58.067265,0.0,1.1226273,38.009106,119.22134,5.3190274,0.0,0.0,0.0,0.0,3.637963
8.0,13.0,0.0,0.0,0.0,0.017652897,0.0,34.41716,0.0,0.06277932,40.120144,100.99412,6.2043433,0.0,0.0,0.0,0.0,3.1155276
8.0,14.0,0.0,0.0,0.0,0.0017532797,0.0,24.28366,0.0,0.08785201,26.536491,162.41861,4.6999416,0.0,0.0,0.0,0.0,2.6752625
8.0,15.0,0.0,0.0,0.0,0.02621591,0.0,18.264809,0.0,0.29086247,0.0,0.0,2.8779507,0.0,0.0,0.0,0.0,0.0
8.0,16.0,0.0,0.0,0.0,0.039392516,0.0,13.972751,0.0,0.52997726,0.0,0.0,1.1678693,0.0,0.0,0.0,0.0,0.0
8.0,17.0,0.0,0.0,0.0,0.10711501,0.0,10.713411,0.0,1.3946438,0.0,0.0,0.0,0.0,0.0,0.0,0.0,0.0
8.0,18.0,0.0,0.0,0.0,0.02958228,0.0,8.227454,0.0,2.628491,0.0,0.0,0.0,0.0,0.0,0.0,0.0,0.0
8.0,19.0,0.0,0.0,0.0,0.061849102,0.0,6.4352484,0.0,1.3801365,0.0,0.0,0.0,0.0,0.0,0.0,0.0,0.0
8.0,20.0,0.0,0.0,0.0,0.0,0.0,5.3267274,0.0,0.0,0.0,0.0,0.0,0.0,0.0,0.0,0.0,0.0
8.0,21.0,0.0,0.0,0.0,0.0,0.0,4.67806,0.0,0.0,0.0,0.0,0.0,0.0,0.0,0.0,0.0,0.0
8.0,22.0,0.0,0.0,0.0,0.0,0.0,4.1038103,0.0,0.0,0.0,0.0,0.0,0.0,0.0,0.0,0.0,0.0
8.0,23.0,0.0,0.0,0.0,0.0,0.0,3.619834,0.0,0.0,0.0,0.0,0.0,0.0,0.0,0.0,0.0,0.0
8.0,24.0,0.0,0.0,0.0,0.0,0.0,3.2074056,0.0,0.0,0.0,0.0,0.0,0.0,0.0,0.0,0.0,0.0
8.0,25.0,0.0,0.0,0.0,0.0,0.0,0.0,0.0,0.0,0.0,0.0,0.0,0.0,0.0,0.0,0.0,0.0
9.0,0.0,258.30417,11.737634,9.958818E8,3.577078E9,6587.559,1.1773881E7,1.8572043,77.22351,10809.345,159063.53,52307.05,14252.275,1248.5773,2.9607004E10,2179.6404,229.92201
9.0,1.0,142.67961,4.5103173,3.0639158E8,3.1030162E9,4240.368,6.550128E7,0.3323346,20.869596,647.0704,1.2020702,84923.484,46198.21,146.76854,1.8087991E10,1199.2546,654.95514
9.0,2.0,215.1674,0.90567154,2.4301756E7,2.9074342E9,230.39536,1.2095367E7,0.023651244,121.241005,46.836414,123264.54,452374.94,81382.09,8.782288,0.0,0.0,975.0766
9.0,3.0,267.2893,0.56599134,7849835.5,2.2318518E8,0.0,853316.44,0.0,42.08098,72.28649,295522.7,539390.3,75436.56,1.5705851,0.0,0.0,704.959
9.0,4.0,154.99323,0.087451845,0.0,1.4578192E8,0.0,7207.112,0.0,0.021038448,34.310616,49601.555,5668.289,48986.17,0.0020512831,0.0,0.0,323.4538
9.0,5.0,126.90019,3.16607E-4,0.0,5870145.5,0.0,59224.992,0.0,0.049424883,17.009314,17903.482,1748.7482,45685.297,0.0,0.0,0.0,184.8822
9.0,6.0,205.50462,0.0,0.0,2047781.5,0.0,128229.766,0.0,0.0271463,0.4729124,4776.2144,31997.572,39209.38,0.041632228,0.0,0.0,170.23103
9.0,7.0,233.04062,0.0,0.0,629383.4,0.0,2617.6077,0.0,0.0,2.8766863,8517.577,43232.965,23462.002,0.00828165,0.0,0.0,125.57237
9.0,8.0,208.76959,0.0,0.0,44865.957,0.0,12019.83,0.0,1.1555958E-4,15.968552,9687.021,149.60123,636411.5,0.0,0.0,0.0,29.75281
9.0,9.0,201.71269,0.013289746,0.0,65.94968,0.0,944.88776,0.0,6.43921E-4,35.06755,929.48285,139.16125,238.97731,0.0,0.0,0.0,5.283518
9.0,10.0,0.0,0.010419001,0.0,2.5687137,0.0,329.8899,0.0,0.0,21.860523,129.4007,10.923359,199.35616,0.0,0.0,0.0,3.4010155
9.0,11.0,0.0,0.0,0.0,0.73000085,0.0,143.56625,0.0,0.0013468247,6.413532,83.62942,3.654262,0.0,0.0,0.0,0.0,2.518086
9.0,12.0,0.0,0.0,0.0,0.34868458,0.0,74.391945,0.0,0.20456694,19.57935,70.93976,0.84004706,0.0,0.0,0.0,0.0,1.9491332
9.0,13.0,0.0,0.0,0.0,0.15969282,0.0,43.59797,0.0,0.56245464,24.262066,18.725437,2.4349759,0.0,0.0,0.0,0.0,1.640978
9.0,14.0,0.0,0.0,0.0,1.1238728E-4,0.0,25.536938,0.0,0.041583225,25.542858,36.874947,3.4446125,0.0,0.0,0.0,0.0,1.3868363
9.0,15.0,0.0,0.0,0.0,6.5415393E-4,0.0,17.866175,0.0,0.054310862,0.0,0.0,2.5716188,0.0,0.0,0.0,0.0,0.0
9.0,16.0,0.0,0.0,0.0,0.0056398693,0.0,13.309986,0.0,0.04500884,0.0,0.0,1.4431952,0.0,0.0,0.0,0.0,0.0
9.0,17.0,0.0,0.0,0.0,0.0052237185,0.0,10.099298,0.0,0.0052947323,0.0,0.0,0.0,0.0,0.0,0.0,0.0,0.0
9.0,18.0,0.0,0.0,0.0,0.0044283187,0.0,7.7054286,0.0,0.011863364,0.0,0.0,0.0,0.0,0.0,0.0,0.0,0.0
9.0,19.0,0.0,0.0,0.0,0.0031644832,0.0,5.881094,0.0,0.23908117,0.0,0.0,0.0,0.0,0.0,0.0,0.0,0.0
9.0,20.0,0.0,0.0,0.0,0.0,0.0,4.580662,0.0,0.0,0.0,0.0,0.0,0.0,0.0,0.0,0.0,0.0
9.0,21.0,0.0,0.0,0.0,0.0,0.0,3.7767189,0.0,0.0,0.0,0.0,0.0,0.0,0.0,0.0,0.0,0.0
9.0,22.0,0.0,0.0,0.0,0.0,0.0,3.3051865,0.0,0.0,0.0,0.0,0.0,0.0,0.0,0.0,0.0,0.0
9.0,23.0,0.0,0.0,0.0,0.0,0.0,2.891714,0.0,0.0,0.0,0.0,0.0,0.0,0.0,0.0,0.0,0.0
9.0,24.0,0.0,0.0,0.0,0.0,0.0,2.5457423,0.0,0.0,0.0,0.0,0.0,0.0,0.0,0.0,0.0,0.0
9.0,25.0,0.0,0.0,0.0,0.0,0.0,0.0,0.0,0.0,0.0,0.0,0.0,0.0,0.0,0.0,0.0,0.0
10.0,0.0,168.66817,12.8708315,1.7134816E9,1.7146656E10,4071.936,3.9155196E7,0.20100194,194.11195,2256.8635,1365874.1,25085.312,6527.3843,4412.658,2.0452785E11,1854.3347,237.48158
10.0,1.0,61.019196,2.1700194,4.2599174E8,1.134223E10,2699.786,2.9889274E7,0.023376657,4.82362,213.73,116751.6,4110.379,3941.5974,107.310326,3.537552E10,3603.4956,658.29266
10.0,2.0,115.52832,0.4726931,1.6738283E8,2.9396193E9,1622.2607,7.19079E7,0.010661493,0.43097624,44.351055,0.86394995,52372.207,11646.457,15.115685,0.0,0.0,819.4185
10.0,3.0,232.57335,0.59899867,1.3032151E7,1.9980362E9,0.0,1.5702025E7,3.8526652E-4,0.44911876,34.8813,59198.547,113222.234,50251.97,4.170981,0.0,0.0,825.57196
10.0,4.0,251.24759,0.29284146,0.0,7.862251E7,0.0,714127.5,0.0,0.16905174,40.488064,215820.38,94218.05,49295.03,0.9966013,0.0,0.0,489.76917
10.0,5.0,124.57731,6.6074304E-4,0.0,6.3980664E7,0.0,6559.774,0.0,0.010851608,26.454645,44323.156,3515.6863,3254.934,0.0,0.0,0.0,197.22469
10.0,6.0,101.08976,0.0,0.0,1578406.8,0.0,47067.047,0.0,0.028845126,12.827207,10345.244,1178.5454,30466.36,0.0,0.0,0.0,102.54504
10.0,7.0,153.43417,0.0,0.0,884561.6,0.0,97256.164,0.0,0.014275599,0.34007457,1105.0897,20936.84,21332.223,0.023802795,0.0,0.0,88.662674
10.0,8.0,166.36583,0.0,0.0,167216.62,0.0,2181.7412,0.0,0.0,1.9726845,5705.37,25909.814,16125.34,0.0042216494,0.0,0.0,62.416534
10.0,9.0,144.92267,0.0,0.0,11962.469,0.0,9648.87,0.0,4.0382176E-5,10.835451,5443.862,72.30258,130418.95,0.0,0.0,0.0,14.288384
10.0,10.0,0.0,0.0075959577,0.0,18.933422,0.0,716.0853,0.0,1.5077718E-4,16.89715,482.39822,61.015167,8.138199,0.0,0.0,0.0,2.47263
10.0,11.0,0.0,0.0,0.0,0.9703486,0.0,250.76454,0.0,0.0,14.350926,44.13785,5.176437,0.0,0.0,0.0,0.0,1.5695181
10.0,12.0,0.0,0.0,0.0,0.25032428,0.0,108.36562,0.0,3.9800178E-4,3.2119863,49.50148,0.9695,0.0,0.0,0.0,0.0,1.143988
10.0,13.0,0.0,0.0,0.0,0.03715675,0.0,55.73101,0.0,0.048723664,12.435624,35.837227,0.20055641,0.0,0.0,0.0,0.0,0.87454814
10.0,14.0,0.0,0.0,0.0,0.03630542,0.0,32.25063,0.0,0.117983565,13.428278,5.997022,1.5512722,0.0,0.0,0.0,0.0,0.72731036
10.0,15.0,0.0,0.0,0.0,0.0,0.0,18.759617,0.0,0.022591209,0.0,0.0,0.7162153,0.0,0.0,0.0,0.0,0.0
10.0,16.0,0.0,0.0,0.0,0.0,0.0,13.011589,0.0,0.028588196,0.0,0.0,1.5035049,0.0,0.0,0.0,0.0,0.0
10.0,17.0,0.0,0.0,0.0,0.0011775581,0.0,9.623737,0.0,1.203795E-4,0.0,0.0,0.0,0.0,0.0,0.0,0.0,0.0
10.0,18.0,0.0,0.0,0.0,0.0013730073,0.0,7.2480273,0.0,0.0,0.0,0.0,0.0,0.0,0.0,0.0,0.0,0.0
10.0,19.0,0.0,0.0,0.0,0.0,0.0,5.5038495,0.0,0.0063417493,0.0,0.0,0.0,0.0,0.0,0.0,0.0,0.0
10.0,20.0,0.0,0.0,0.0,0.0,0.0,4.180998,0.0,0.0,0.0,0.0,0.0,0.0,0.0,0.0,0.0,0.0
10.0,21.0,0.0,0.0,0.0,0.0,0.0,3.2472482,0.0,0.0,0.0,0.0,0.0,0.0,0.0,0.0,0.0,0.0
10.0,22.0,0.0,0.0,0.0,0.0,0.0,2.6686044,0.0,0.0,0.0,0.0,0.0,0.0,0.0,0.0,0.0,0.0
10.0,23.0,0.0,0.0,0.0,0.0,0.0,2.3286963,0.0,0.0,0.0,0.0,0.0,0.0,0.0,0.0,0.0,0.0
10.0,24.0,0.0,0.0,0.0,0.0,0.0,2.0333822,0.0,0.0,0.0,0.0,0.0,0.0,0.0,0.0,0.0,0.0
10.0,25.0,0.0,0.0,0.0,0.0,0.0,0.0,0.0,0.0,0.0,0.0,0.0,0.0,0.0,0.0,0.0,0.0
11.0,0.0,193.47882,3.8782651,3.62614E9,9.959717E10,4225.4,8.073252E7,0.25683665,46.571194,3183.9543,505407.47,67113.84,2527.732,168.8222,6.2218555E11,2290.0269,264.8916
11.0,1.0,136.98866,1.6907057,1.3251337E9,4.9128325E10,2891.325,1.8706058E8,0.009920778,1.3552372,49.73702,31601.674,18551.082,1560.3221,6.393004,1.5293936E11,1500.9385,673.8151
11.0,2.0,64.363365,0.31036666,1.1252131E8,1.4391125E10,1136.2124,3.79472E7,7.008227E-4,1.3156542,24.634119,132727.97,2.4170957,168.99477,11.958739,0.0,0.0,810.07263
11.0,3.0,112.55755,0.059378617,9.3648296E7,1.963547E9,0.0,8.66085E7,2.1589152E-4,0.1600865,8.847605,1.0127649,2529.341,1.1173857,1.1623755,0.0,0.0,696.8304
11.0,4.0,222.7873,0.08332796,0.0,1.04421216E9,0.0,1.3570645E7,4.6504338E-4,0.16912754,28.338745,35793.996,40141.613,38035.594,2.4353771,0.0,0.0,568.2814
11.0,5.0,205.21928,0.0,0.0,3.4496428E7,0.0,505885.84,0.0,0.060940284,33.639744,126093.66,67602.21,0.044994,0.5070444,0.0,0.0,297.70386
11.0,6.0,98.89603,0.0,0.0,2.3640168E7,0.0,5112.2144,0.0,0.005096339,20.80177,3861.641,2219.3687,524.38477,0.0,0.0,0.0,109.72183
11.0,7.0,75.365654,0.0,0.0,482736.44,0.0,33731.45,0.0,0.009703713,9.180129,6403.8833,788.3526,460.78302,0.0,0.0,0.0,53.21629
11.0,8.0,108.46385,0.0,0.0,265193.03,0.0,71138.51,0.0,0.004024559,0.2357606,772.1872,12529.336,0.0,0.006869409,0.0,0.0,43.947266
11.0,9.0,114.97739,0.0,0.0,8861.089,0.0,1560.8373,0.0,0.0,1.3660221,2252.0166,15379.183,6580.5195,0.0,0.0,0.0,29.820282
11.0,10.0,0.0,0.0,0.0,3770.437,0.0,6177.634,0.0,0.0,6.914103,310.42874,34.874645,37605.242,0.0,0.0,0.0,6.613334
11.0,11.0,0.0,0.0,0.0,6.980821,0.0,536.7746,0.0,0.0,7.318769,242.85083,28.918999,0.0,0.0,0.0,0.0,1.0673789
11.0,12.0,0.0,0.0,0.0,0.26233408,0.0,187.65976,0.0,0.0,9.173752,17.700895,2.1357226,0.0,0.0,0.0,0.0,0.6687142
11.0,13.0,0.0,0.0,0.0,0.05400891,0.0,80.664276,0.0,0.0,1.7459985,15.639717,0.1891068,0.0,0.0,0.0,0.0,0.4067304
11.0,14.0,0.0,0.0,0.0,0.0026080452,0.0,41.163403,0.0,0.012972227,4.816108,5.8360176,0.10915623,0.0,0.0,0.0,0.0,0.29373917
11.0,15.0,0.0,0.0,0.0,0.011499849,0.0,23.533985,0.0,0.02800298,0.0,0.0,0.001238567,0.0,0.0,0.0,0.0,0.0
11.0,16.0,0.0,0.0,0.0,0.0,0.0,13.589099,0.0,0.011835732,0.0,0.0,0.28033632,0.0,0.0,0.0,0.0,0.0
11.0,17.0,0.0,0.0,0.0,0.0,0.0,9.385446,0.0,0.003155531,0.0,0.0,0.0,0.0,0.0,0.0,0.0,0.0
11.0,18.0,0.0,0.0,0.0,0.0,0.0,6.9023724,0.0,0.0,0.0,0.0,0.0,0.0,0.0,0.0,0.0,0.0
11.0,19.0,0.0,0.0,0.0,0.0,0.0,5.1683207,0.0,0.0,0.0,0.0,0.0,0.0,0.0,0.0,0.0,0.0
11.0,20.0,0.0,0.0,0.0,0.0,0.0,3.9108424,0.0,0.0,0.0,0.0,0.0,0.0,0.0,0.0,0.0,0.0
11.0,21.0,0.0,0.0,0.0,0.0,0.0,2.9620767,0.0,0.0,0.0,0.0,0.0,0.0,0.0,0.0,0.0,0.0
11.0,22.0,0.0,0.0,0.0,0.0,0.0,2.2918417,0.0,0.0,0.0,0.0,0.0,0.0,0.0,0.0,0.0,0.0
11.0,23.0,0.0,0.0,0.0,0.0,0.0,1.8775996,0.0,0.0,0.0,0.0,0.0,0.0,0.0,0.0,0.0,0.0
11.0,24.0,0.0,0.0,0.0,0.0,0.0,1.6363635,0.0,0.0,0.0,0.0,0.0,0.0,0.0,0.0,0.0,0.0
11.0,25.0,0.0,0.0,0.0,0.0,0.0,0.0,0.0,0.0,0.0,0.0,0.0,0.0,0.0,0.0,0.0,0.0
12.0,0.0,160.11073,4.847818,8.3804093E9,1.0916042E11,6512.7583,6.122818E8,0.91387445,161.27013,1405.1633,184802.48,258991.36,6026.6016,78.19971,1.7036324E12,2875.1387,216.26328
12.0,1.0,127.99926,1.0042111,4.4122464E8,1.2187422E11,4086.4426,1.7005331E8,0.2625472,9.353768,107.491,24071.152,2821.636,1668.255,0.06945648,6.788477E11,1772.3362,710.3601
12.0,2.0,145.56976,0.09877981,4.2074643E8,2.5616839E10,654.4635,4.0986618E8,1.3750962E-4,0.52178967,33.35457,34883.86,76.038475,117.25495,0.017212315,0.0,0.0,846.4242
12.0,3.0,48.510105,0.05776716,3.995858E7,7.273484E9,0.0,3.785736E7,1.1953723E-4,0.6329828,22.9861,120377.94,1.8319907,0.0385738,0.03971587,0.0,0.0,687.6007
12.0,4.0,99.6303,0.043925762,0.0,6.940398E8,0.0,9.080657E7,2.3835328E-4,0.074816145,7.626873,0.92465335,14.400831,0.029525477,0.0014111545,0.0,0.0,481.80078
12.0,5.0,185.46947,0.044721343,0.0,4.6814938E8,0.0,1.3945349E7,4.8560943E-4,0.05017742,22.534904,25189.6,26918.342,17750.361,0.37096962,0.0,0.0,343.321
12.0,6.0,158.21585,0.0,0.0,1.2631224E7,0.0,349532.28,0.0,0.00863875,23.422997,88980.66,46978.91,0.0,0.002553161,0.0,0.0,165.31735
12.0,7.0,72.14668,0.0,0.0,8932238.0,0.0,3708.445,0.0,2.0693429E-4,15.35669,2382.5938,1269.586,0.20492701,0.0,0.0,0.0,57.118614
12.0,8.0,53.3987,0.0,0.0,187060.78,0.0,23194.469,0.0,0.0022376855,6.2469087,3883.2297,517.4746,1.2530748,0.0,0.0,0.0,26.334156
12.0,9.0,75.06222,0.0,0.0,27491.785,0.0,49818.266,0.0,0.0034447352,0.15162872,429.17966,7362.9336,0.0,0.0,0.0,0.0,20.943436
12.0,10.0,0.0,0.0,0.0,2937.356,0.0,932.2362,0.0,0.0,0.89794326,1256.5927,8690.544,1378.8735,0.0,0.0,0.0,13.791672
12.0,11.0,0.0,0.0,0.0,886.3565,0.0,3950.431,0.0,0.0,4.6086783,132.2599,15.19791,0.0,0.0,0.0,0.0,2.383529
12.0,12.0,0.0,0.0,0.0,2.8091364,0.0,396.83145,0.0,0.0,4.9123793,89.031364,12.057399,0.0,0.0,0.0,0.0,0.05039749
12.0,13.0,0.0,0.0,0.0,0.10599375,0.0,138.74176,0.0,0.0,5.6979265,6.560838,0.2800371,0.0,0.0,0.0,0.0,0.0
12.0,14.0,0.0,0.0,0.0,0.0033466858,0.0,59.042698,0.0,0.0,0.89646864,2.1305683,0.10314782,0.0,0.0,0.0,0.0,0.0
12.0,15.0,0.0,0.0,0.0,4.95331E-5,0.0,30.045809,0.0,0.0,0.0,0.0,0.043068953,0.0,0.0,0.0,0.0,0.0
12.0,16.0,0.0,0.0,0.0,0.0,0.0,17.03003,0.0,0.0,0.0,0.0,0.0,0.0,0.0,0.0,0.0,0.0
12.0,17.0,0.0,0.0,0.0,0.0,0.0,9.796898,0.0,0.0,0.0,0.0,0.0,0.0,0.0,0.0,0.0,0.0
12.0,18.0,0.0,0.0,0.0,0.0,0.0,6.7300086,0.0,0.0,0.0,0.0,0.0,0.0,0.0,0.0,0.0,0.0
12.0,19.0,0.0,0.0,0.0,0.0,0.0,4.919912,0.0,0.0,0.0,0.0,0.0,0.0,0.0,0.0,0.0,0.0
12.0,20.0,0.0,0.0,0.0,0.0,0.0,3.6676362,0.0,0.0,0.0,0.0,0.0,0.0,0.0,0.0,0.0,0.0
12.0,21.0,0.0,0.0,0.0,0.0,0.0,2.765741,0.0,0.0,0.0,0.0,0.0,0.0,0.0,0.0,0.0,0.0
12.0,22.0,0.0,0.0,0.0,0.0,0.0,2.09004,0.0,0.0,0.0,0.0,0.0,0.0,0.0,0.0,0.0,0.0
12.0,23.0,0.0,0.0,0.0,0.0,0.0,1.612569,0.0,0.0,0.0,0.0,0.0,0.0,0.0,0.0,0.0,0.0
12.0,24.0,0.0,0.0,0.0,0.0,0.0,1.318893,0.0,0.0,0.0,0.0,0.0,0.0,0.0,0.0,0.0,0.0
12.0,25.0,0.0,0.0,0.0,0.0,0.0,0.0,0.0,0.0,0.0,0.0,0.0,0.0,0.0,0.0,0.0,0.0
13.0,0.0,123.107506,3.8397536,1.3533369E10,4.410928E11,7531.1797,4.8512064E8,0.9488323,206.20947,2247.4265,94697.12,275013.0,16.037647,290.8185,5.025253E12,3274.3882,225.65434
13.0,1.0,30.441896,1.748131,5.4844155E9,1.8832784E11,3266.2515,1.2311194E9,0.12010308,3.7636557,88.29075,6148.8213,415752.28,3871.5718,44.3037,1.3653538E12,4963.486,585.7358
13.0,2.0,129.38843,0.0019473993,1.9419117E8,8.752782E10,2037.9532,2.2212152E8,0.0,8.191883,81.70984,26319.174,29.543446,2.7296703,6.667325E-4,0.0,0.0,867.7861
13.0,3.0,137.5591,0.0034175208,2.1705214E8,1.1732899E10,0.0,4.2469574E8,0.0,0.4271395,30.59886,29905.73,8.099457,2.0993156E-4,8.00131E-4,0.0,0.0,726.06464
13.0,4.0,43.66941,0.0019605043,0.0,2.8052014E9,0.0,3.1746086E7,0.0,0.27414054,17.005148,95571.91,1.0992116,0.0044922526,0.004120073,0.0,0.0,475.37958
13.0,5.0,81.934166,0.018401837,0.0,1.1168512E8,0.0,7.016972E7,1.7301443E-4,0.030474667,5.8052115,0.6806436,2.3925483,0.0011419483,3.1607258E-4,0.0,0.0,292.31763
13.0,6.0,140.59792,0.017474191,0.0,1.7299334E8,0.0,1.2400543E7,0.0,0.01083762,16.969769,16790.146,16909.994,620.6272,0.0026679079,0.0,0.0,189.8204
13.0,7.0,116.83323,0.0,0.0,3802906.0,0.0,245665.6,0.0,0.0,16.984083,57214.656,27955.348,0.0,0.0,0.0,0.0,85.979034
13.0,8.0,51.08873,0.0,0.0,437026.88,0.0,2432.501,0.0,0.0,10.983765,1405.3137,543.2493,0.0,0.0,0.0,0.0,28.304413
13.0,9.0,36.495167,0.0,0.0,77067.59,0.0,16037.183,0.0,0.0012808881,4.276839,1892.5242,280.61368,0.0,0.0,0.0,0.0,12.504343
13.0,10.0,0.0,0.0,0.0,10361.193,0.0,33731.65,0.0,0.0,0.07850174,258.1687,1895.3655,0.0,0.0,0.0,0.0,9.559803
13.0,11.0,0.0,0.0,0.0,1052.3264,0.0,650.8865,0.0,0.0,0.5842853,793.0502,802.49225,0.0,0.0,0.0,0.0,6.061285
13.0,12.0,0.0,0.0,0.0,152.54243,0.0,2800.6208,0.0,0.0,3.055424,50.6035,6.93699,0.0,0.0,0.0,0.0,0.8491626
13.0,13.0,0.0,0.0,0.0,0.90395045,0.0,288.84705,0.0,0.0,2.9279797,35.9037,5.3803864,0.0,0.0,0.0,0.0,0.0
13.0,14.0,0.0,0.0,0.0,0.0446185,0.0,101.59486,0.0,0.0,2.938611,1.4876605,0.1258785,0.0,0.0,0.0,0.0,0.0
13.0,15.0,0.0,0.0,0.0,0.0,0.0,42.86015,0.0,0.0,0.0,0.0,0.06357104,0.0,0.0,0.0,0.0,0.0
13.0,16.0,0.0,0.0,0.0,0.0,0.0,21.684425,0.0,0.0,0.0,0.0,0.012278317,0.0,0.0,0.0,0.0,0.0
13.0,17.0,0.0,0.0,0.0,0.0,0.0,12.215103,0.0,0.0,0.0,0.0,0.0,0.0,0.0,0.0,0.0,0.0
13.0,18.0,0.0,0.0,0.0,0.0,0.0,7.0111794,0.0,0.0,0.0,0.0,0.0,0.0,0.0,0.0,0.0,0.0
13.0,19.0,0.0,0.0,0.0,0.0,0.0,4.7908044,0.0,0.0,0.0,0.0,0.0,0.0,0.0,0.0,0.0,0.0
13.0,20.0,0.0,0.0,0.0,0.0,0.0,3.4839687,0.0,0.0,0.0,0.0,0.0,0.0,0.0,0.0,0.0,0.0
13.0,21.0,0.0,0.0,0.0,0.0,0.0,2.5933223,0.0,0.0,0.0,0.0,0.0,0.0,0.0,0.0,0.0,0.0
13.0,22.0,0.0,0.0,0.0,0.0,0.0,1.944997,0.0,0.0,0.0,0.0,0.0,0.0,0.0,0.0,0.0,0.0
13.0,23.0,0.0,0.0,0.0,0.0,0.0,1.4669741,0.0,0.0,0.0,0.0,0.0,0.0,0.0,0.0,0.0,0.0
13.0,24.0,0.0,0.0,0.0,0.0,0.0,1.1311971,0.0,0.0,0.0,0.0,0.0,0.0,0.0,0.0,0.0,0.0
13.0,25.0,0.0,0.0,0.0,0.0,0.0,0.0,0.0,0.0,0.0,0.0,0.0,0.0,0.0,0.0,0.0,0.0
14.0,0.0,135.29361,4.0297513,2.4083858E9,8.512107E11,10618.629,1.3918024E9,1.247834,142.2774,2344.0088,1657002.2,52015.207,69985.09,1398.1089,4.435363E12,1978.172,281.1318
14.0,1.0,40.101967,0.9814216,1.1922269E10,7.841766E11,5232.026,3.0168454E8,0.05750178,0.7861472,120.75185,0.06480603,14924.149,2.4168172,62.609318,3.726375E12,2519.6592,645.1819
14.0,2.0,25.40245,0.0025500285,6.5740083E9,1.1112438E11,981.8521,1.5339611E9,0.15280007,1.2851439,49.84475,7779.687,2.713328,5046.0537,0.039553743,0.0,0.0,730.2835
14.0,3.0,131.4996,0.0012131396,4.0365932E7,4.3233632E10,0.0,2.2338482E8,0.0,4.506636,44.13271,30846.818,10.157933,0.008031257,0.0,0.0,0.0,732.1839
14.0,4.0,120.68718,0.0015195536,0.0,4.7287004E9,0.0,3.86964E8,0.0,0.13759637,24.400154,20774.074,6.924754,0.0,0.0,0.0,0.0,503.2181
14.0,5.0,35.649494,0.0,0.0,1.3979739E9,0.0,2.380706E7,0.0,0.070148475,13.124702,3977.6104,0.7182832,0.003187883,3.5057229E-4,0.0,0.0,288.79892
14.0,6.0,64.02831,0.010631789,0.0,3.5077868E7,0.0,5.1827084E7,0.0,0.016842404,3.9215157,0.43199924,0.038178526,5.428868E-4,0.0,0.0,0.0,162.14223
14.0,7.0,104.29497,0.008436089,0.0,1.6187766E7,0.0,9047675.0,0.0,0.008121248,12.276542,10576.928,10258.986,9.0482313E-4,0.0,0.0,0.0,98.45818
14.0,8.0,82.79481,0.0,0.0,662442.9,0.0,174933.4,0.0,0.0,11.322087,34895.75,16800.576,0.0,0.0,0.0,0.0,42.564587
14.0,9.0,34.894028,0.0,0.0,62933.11,0.0,1744.8806,0.0,0.0,7.0939584,689.9008,85.50936,0.0,0.0,0.0,0.0,13.428265
14.0,10.0,0.0,0.0,0.0,17419.877,0.0,10704.954,0.0,0.0,2.8439515,1057.6099,123.56971,0.0,0.0,0.0,0.0,5.494152
14.0,11.0,0.0,0.0,0.0,3215.4553,0.0,21424.322,0.0,0.0,0.034369256,165.35208,423.3793,0.0,0.0,0.0,0.0,3.712836
14.0,12.0,0.0,0.0,0.0,381.25388,0.0,459.64645,0.0,0.0,0.36927038,474.68704,358.16455,0.0,0.0,0.0,0.0,1.7053472
14.0,13.0,0.0,0.0,0.0,10.132624,0.0,1950.5038,0.0,0.0,2.00267,22.260288,2.7592492,0.0,0.0,0.0,0.0,0.007861483
14.0,14.0,0.0,0.0,0.0,0.30956486,0.0,209.61285,0.0,0.0,1.8876987,14.304647,2.0178354,0.0,0.0,0.0,0.0,0.0
14.0,15.0,0.0,0.0,0.0,0.004273823,0.0,73.718605,0.0,0.0,0.0,0.0,0.034906827,0.0,0.0,0.0,0.0,0.0
14.0,16.0,0.0,0.0,0.0,0.0,0.0,30.865158,0.0,0.0,0.0,0.0,0.016914835,0.0,0.0,0.0,0.0,0.0
14.0,17.0,0.0,0.0,0.0,0.0,0.0,15.553552,0.0,0.0,0.0,0.0,0.0,0.0,0.0,0.0,0.0,0.0
14.0,18.0,0.0,0.0,0.0,0.0,0.0,8.733568,0.0,0.0,0.0,0.0,0.0,0.0,0.0,0.0,0.0,0.0
14.0,19.0,0.0,0.0,0.0,0.0,0.0,4.98761,0.0,0.0,0.0,0.0,0.0,0.0,0.0,0.0,0.0,0.0
14.0,20.0,0.0,0.0,0.0,0.0,0.0,3.3949082,0.0,0.0,0.0,0.0,0.0,0.0,0.0,0.0,0.0,0.0
14.0,21.0,0.0,0.0,0.0,0.0,0.0,2.4619498,0.0,0.0,0.0,0.0,0.0,0.0,0.0,0.0,0.0,0.0
14.0,22.0,0.0,0.0,0.0,0.0,0.0,1.8251089,0.0,0.0,0.0,0.0,0.0,0.0,0.0,0.0,0.0,0.0
14.0,23.0,0.0,0.0,0.0,0.0,0.0,1.3668841,0.0,0.0,0.0,0.0,0.0,0.0,0.0,0.0,0.0,0.0
14.0,24.0,0.0,0.0,0.0,0.0,0.0,1.0298178,0.0,0.0,0.0,0.0,0.0,0.0,0.0,0.0,0.0,0.0
14.0,25.0,0.0,0.0,0.0,0.0,0.0,0.0,0.0,0.0,0.0,0.0,0.0,0.0,0.0,0.0,0.0,0.0
15.0,0.0,131.41486,5.6228385,8.3330135E9,1.0221018E12,1808.2439,6.2655007E9,1.8735739,115.60779,7962.583,32939.1,5097.513,273485.53,1159.3397,2.789648E13,2344.3481,212.93552
15.0,1.0,50.92595,1.4519753,1.3429952E9,1.3714788E12,1040.9987,3.1172303E9,0.0041725542,9.936815,43.588448,3.205324,2038.1936,51.723457,125.25028,4.9656716E12,2011.0858,732.96906
15.0,2.0,18.137285,0.0390131,6.4198026E9,7.008172E11,392.009,2.6557557E8,0.034536455,0.06971326,60.3725,0.03499374,1159.3761,2.7287517E-5,33.868256,0.0,0.0,812.71704
15.0,3.0,29.413607,0.0,5.599601E9,5.04148E10,0.0,9.6475046E8,0.09917151,0.4405974,47.70702,7393.57,1.8480356,4043.423,6.484587E-5,0.0,0.0,623.9317
15.0,4.0,123.961174,0.0,0.0,2.2709142E10,0.0,1.9157883E8,0.0,1.9351511,38.975582,20473.135,7.611966,6.766818E-4,0.0,0.0,0.0,504.05356
15.0,5.0,104.6123,0.0,0.0,1.4157928E9,0.0,2.9685616E8,0.0,0.019353578,17.627241,4.7548637,3.603619,0.0,0.0,0.0,0.0,306.44992
15.0,6.0,27.633732,0.0,0.0,4.1876842E8,0.0,1.7897948E7,0.0,0.0035433332,10.046314,15.632567,0.32046834,3.4723151E-4,0.0,0.0,0.0,160.27374
15.0,7.0,47.38964,0.0056811953,0.0,9551056.0,0.0,3.75639E7,0.0,0.0063405815,2.8151724,0.16346492,0.012022569,0.0,0.0,0.0,0.0,84.33733
15.0,8.0,73.66225,0.0042331135,0.0,80302.664,0.0,6558113.0,0.0,0.006932894,8.699931,6077.684,5726.3203,0.0,0.0,0.0,0.0,48.693733
15.0,9.0,56.87857,0.0,0.0,66249.42,0.0,124764.87,0.0,0.0,7.480364,20715.45,693.6304,0.0,0.0,0.0,0.0,20.275284
15.0,10.0,0.0,0.0,0.0,20609.205,0.0,1174.4017,0.0,0.0,4.2330794,421.48077,0.0,0.0,0.0,0.0,0.0,5.7743273
15.0,11.0,0.0,0.0,0.0,5325.082,0.0,6793.055,0.0,0.0,1.8436191,565.4835,76.710724,0.0,0.0,0.0,0.0,1.2782377
15.0,12.0,0.0,0.0,0.0,765.8935,0.0,13566.063,0.0,0.0,0.015984027,84.94502,229.56601,0.0,0.0,0.0,0.0,0.03277841
15.0,13.0,0.0,0.0,0.0,83.67921,0.0,307.94366,0.0,0.0,0.21416174,254.44484,203.95146,0.0,0.0,0.0,0.0,0.0
15.0,14.0,0.0,0.0,0.0,4.163512,0.0,1267.3705,0.0,0.0,1.2838237,10.1533575,1.2446946,0.0,0.0,0.0,0.0,0.0
15.0,15.0,0.0,0.0,0.0,0.07147216,0.0,151.11699,0.0,0.0,0.0,0.0,0.9733841,0.0,0.0,0.0,0.0,0.0
15.0,16.0,0.0,0.0,0.0,0.0,0.0,53.08198,0.0,0.0,0.0,0.0,0.013929037,0.0,0.0,0.0,0.0,0.0
15.0,17.0,0.0,0.0,0.0,0.0,0.0,22.11347,0.0,0.0,0.0,0.0,0.0,0.0,0.0,0.0,0.0,0.0
15.0,18.0,0.0,0.0,0.0,0.0,0.0,11.090975,0.0,0.0,0.0,0.0,0.0,0.0,0.0,0.0,0.0,0.0
15.0,19.0,0.0,0.0,0.0,0.0,0.0,6.205167,0.0,0.0,0.0,0.0,0.0,0.0,0.0,0.0,0.0,0.0
15.0,20.0,0.0,0.0,0.0,0.0,0.0,3.5284605,0.0,0.0,0.0,0.0,0.0,0.0,0.0,0.0,0.0,0.0
15.0,21.0,0.0,0.0,0.0,0.0,0.0,2.3961282,0.0,0.0,0.0,0.0,0.0,0.0,0.0,0.0,0.0,0.0
15.0,22.0,0.0,0.0,0.0,0.0,0.0,1.7362384,0.0,0.0,0.0,0.0,0.0,0.0,0.0,0.0,0.0,0.0
15.0,23.0,0.0,0.0,0.0,0.0,0.0,1.2834263,0.0,0.0,0.0,0.0,0.0,0.0,0.0,0.0,0.0,0.0
15.0,24.0,0.0,0.0,0.0,0.0,0.0,0.9589639,0.0,0.0,0.0,0.0,0.0,0.0,0.0,0.0,0.0,0.0
15.0,25.0,0.0,0.0,0.0,0.0,0.0,0.0,0.0,0.0,0.0,0.0,0.0,0.0,0.0,0.0,0.0,0.0
16.0,0.0,113.4784,8.480676,2.1572809E10,2.9022995E12,1986.8444,1.7269051E10,0.8968092,45.24582,6217.1714,31573.268,1505.4026,45605.562,2573.6853,6.2781466E13,3066.9028,257.196
16.0,1.0,85.24986,2.5060916,3.521979E9,3.4275218E12,841.5209,1.1947619E10,0.09062478,1.6065832,5003.471,56104.484,1247.2012,220732.52,671.63464,1.4757547E13,3319.368,607.21155
16.0,2.0,55.235764,0.33081424,8.3967475E8,2.2861515E12,224.82999,4.954911E9,0.0,0.27413195,35.575256,0.13188238,352.23413,34.782116,15.950084,0.0,0.0,904.258
16.0,3.0,20.889933,0.029955136,4.025829E9,5.3245762E11,0.0,1.770439E8,0.0,0.04860175,45.14132,0.0,0.24181318,0.0,1.7039661,0.0,0.0,701.15314
16.0,4.0,25.980148,0.0,0.0,2.640224E10,0.0,9.1625146E8,0.0,0.022200048,40.21598,2.477391,1.1201338,124.406334,0.0,0.0,0.0,433.64755
16.0,5.0,102.94987,0.0,0.0,8.846902E9,0.0,1.6772966E8,0.0,0.015671924,29.984459,0.0,1.2325464,0.0,0.0,0.0,0.0,305.21695
16.0,6.0,81.61613,0.0,0.0,4.8636707E8,0.0,2.0248886E8,0.0,0.0031961368,11.338078,3.3757617,0.17808743,0.0,0.0,0.0,0.0,170.19783
16.0,7.0,19.926098,0.0,0.0,2.4775778E7,0.0,1.3810425E7,0.0,0.0,6.946818,1.3424656,0.19376501,0.0,0.0,0.0,0.0,83.40646
16.0,8.0,33.49416,0.0,0.0,3981325.2,0.0,2.5464186E7,0.0,0.005426883,1.9647382,0.097126156,0.0,0.0,0.0,0.0,0.0,41.761753
16.0,9.0,50.541668,0.0,0.0,5472.1978,0.0,4159433.0,0.0,0.005923546,5.9859724,3938.2642,0.13886108,0.0,0.0,0.0,0.0,23.18584
16.0,10.0,0.0,0.0,0.0,24470.03,0.0,85773.06,0.0,0.0,5.053106,13696.641,0.0704441,0.0,0.0,0.0,0.0,9.170415
16.0,11.0,0.0,0.0,0.0,3415.8574,0.0,826.69196,0.0,0.0,2.7726595,63.74786,0.0,0.0,0.0,0.0,0.0,1.5120881
16.0,12.0,0.0,0.0,0.0,2125.3687,0.0,4512.32,0.0,0.0,1.1974196,93.69377,46.334328,0.0,0.0,0.0,0.0,0.0
16.0,13.0,0.0,0.0,0.0,246.94975,0.0,8475.207,0.0,0.0,0.0054031922,50.618675,66.35217,0.0,0.0,0.0,0.0,0.0
16.0,14.0,0.0,0.0,0.0,0.42292076,0.0,196.14337,0.0,0.0,0.13626751,154.32214,0.0,0.0,0.0,0.0,0.0,0.0
16.0,15.0,0.0,0.0,0.0,0.06333783,0.0,783.03076,0.0,0.0,0.0,0.0,0.6350366,0.0,0.0,0.0,0.0,0.0
16.0,16.0,0.0,0.0,0.0,0.018590843,0.0,108.406784,0.0,0.0,0.0,0.0,0.45300615,0.0,0.0,0.0,0.0,0.0
16.0,17.0,0.0,0.0,0.0,0.0,0.0,37.84161,0.0,0.0,0.0,0.0,0.0,0.0,0.0,0.0,0.0,0.0
16.0,18.0,0.0,0.0,0.0,0.0,0.0,15.743834,0.0,0.0,0.0,0.0,0.0,0.0,0.0,0.0,0.0,0.0
16.0,19.0,0.0,0.0,0.0,0.0,0.0,7.8702173,0.0,0.0,0.0,0.0,0.0,0.0,0.0,0.0,0.0,0.0
16.0,20.0,0.0,0.0,0.0,0.0,0.0,4.397263,0.0,0.0,0.0,0.0,0.0,0.0,0.0,0.0,0.0,0.0
16.0,21.0,0.0,0.0,0.0,0.0,0.0,2.4903147,0.0,0.0,0.0,0.0,0.0,0.0,0.0,0.0,0.0,0.0
16.0,22.0,0.0,0.0,0.0,0.0,0.0,1.6869347,0.0,0.0,0.0,0.0,0.0,0.0,0.0,0.0,0.0,0.0
16.0,23.0,0.0,0.0,0.0,0.0,0.0,1.2208484,0.0,0.0,0.0,0.0,0.0,0.0,0.0,0.0,0.0,0.0
16.0,24.0,0.0,0.0,0.0,0.0,0.0,0.89981914,0.0,0.0,0.0,0.0,0.0,0.0,0.0,0.0,0.0,0.0
16.0,25.0,0.0,0.0,0.0,0.0,0.0,0.0,0.0,0.0,0.0,0.0,0.0,0.0,0.0,0.0,0.0,0.0
17.0,0.0,67.37629,12.650352,3.028253E10,6.452679E12,4770.3394,1.5601244E10,0.63572913,70.86202,13889.178,1659.7928,353.97083,245365.47,1182.0211,4.5666483E13,2383.6309,268.35242
17.0,1.0,71.70993,2.2819347,5.1873295E9,6.976623E12,3690.1514,7.507326E10,0.32718095,1.4711552,376.94116,2118.725,622.4852,11375.875,473.3885,3.6526717E13,2907.582,728.7879
17.0,2.0,106.61596,0.8519674,2.249055E9,3.4360336E12,185.81104,1.3390397E10,0.0012931237,0.46429694,1309.6975,4598.5845,1.4371418,227039.98,16.017101,0.0,0.0,760.74054
17.0,3.0,63.005035,0.3155387,5.7770605E8,1.5912082E12,0.0,4.031915E9,0.0,0.12313791,37.48273,4.5445297E-5,0.3285075,0.29586908,1.5446357,0.0,0.0,769.45544
17.0,4.0,20.27132,0.0,0.0,3.410886E11,0.0,2.832661E8,0.0,0.0076834443,33.630383,0.0,0.0048933984,0.0,0.0016114427,0.0,0.0,488.34518
17.0,5.0,21.576008,0.0,0.0,1.2662901E10,0.0,9.9271456E8,0.0,0.016623866,31.736664,0.0,0.69269204,0.0,0.0,0.0,0.0,263.76044
17.0,6.0,81.09704,0.0,0.0,2.5424358E9,0.0,1.4590613E8,0.0,0.009580399,23.02069,0.0,0.88332003,0.0,0.0,0.0,0.0,169.12218
17.0,7.0,61.29326,0.0,0.0,1.348063E8,0.0,1.4320638E8,0.0,0.0,8.10589,0.0017617261,0.09635315,0.0,0.0,0.0,0.0,88.61274
17.0,8.0,14.071654,0.0,0.0,1.028834E7,0.0,1.008337E7,0.0,0.0,4.646128,0.018038431,0.08470451,0.0,0.0,0.0,0.0,41.33747
17.0,9.0,22.82074,0.0,0.0,1644590.9,0.0,1.669318E7,0.0,0.0046165194,1.3401713,0.011215053,0.0,0.0,0.0,0.0,0.0,19.842915
17.0,10.0,0.0,0.0,0.0,2135.6052,0.0,2695113.8,0.0,0.0049834913,4.052145,2565.9998,0.0,0.0,0.0,0.0,0.0,10.561267
17.0,11.0,0.0,0.0,0.0,8262.772,0.0,57325.453,0.0,0.0,3.3787198,7622.1875,0.0,0.0,0.0,0.0,0.0,3.322509
17.0,12.0,0.0,0.0,0.0,777.41595,0.0,567.89435,0.0,0.0,1.8226923,37.29962,0.0,0.0,0.0,0.0,0.0,0.027626254
17.0,13.0,0.0,0.0,0.0,289.0521,0.0,2872.8506,0.0,0.0,0.7712078,56.090294,29.26471,0.0,0.0,0.0,0.0,0.0
17.0,14.0,0.0,0.0,0.0,0.011529908,0.0,5620.2656,0.0,0.0,0.0,31.355692,27.072733,0.0,0.0,0.0,0.0,0.0
17.0,15.0,0.0,0.0,0.0,0.012382316,0.0,119.94515,0.0,0.0,0.0,0.0,0.0,0.0,0.0,0.0,0.0,0.0
17.0,16.0,0.0,0.0,0.0,0.01955972,0.0,506.8816,0.0,0.0,0.0,0.0,0.30010575,0.0,0.0,0.0,0.0,0.0
17.0,17.0,0.0,0.0,0.0,0.0069655157,0.0,77.20113,0.0,0.0,0.0,0.0,0.0,0.0,0.0,0.0,0.0,0.0
17.0,18.0,0.0,0.0,0.0,0.0,0.0,26.847902,0.0,0.0,0.0,0.0,0.0,0.0,0.0,0.0,0.0,0.0
17.0,19.0,0.0,0.0,0.0,0.0,0.0,11.165615,0.0,0.0,0.0,0.0,0.0,0.0,0.0,0.0,0.0,0.0
17.0,20.0,0.0,0.0,0.0,0.0,0.0,5.564005,0.0,0.0,0.0,0.0,0.0,0.0,0.0,0.0,0.0,0.0
17.0,21.0,0.0,0.0,0.0,0.0,0.0,3.1053824,0.0,0.0,0.0,0.0,0.0,0.0,0.0,0.0,0.0,0.0
17.0,22.0,0.0,0.0,0.0,0.0,0.0,1.7516193,0.0,0.0,0.0,0.0,0.0,0.0,0.0,0.0,0.0,0.0
17.0,23.0,0.0,0.0,0.0,0.0,0.0,1.1859847,0.0,0.0,0.0,0.0,0.0,0.0,0.0,0.0,0.0,0.0
17.0,24.0,0.0,0.0,0.0,0.0,0.0,0.8567289,0.0,0.0,0.0,0.0,0.0,0.0,0.0,0.0,0.0,0.0
17.0,25.0,0.0,0.0,0.0,0.0,0.0,0.0,0.0,0.0,0.0,0.0,0.0,0.0,0.0,0.0,0.0,0.0
18.0,0.0,60.768234,13.20437,3.7214585E10,8.3240467E12,9702.215,1.893851E10,3.621464,37.18164,3089.0474,2634.7007,69.6091,13580.538,292.08133,2.1861763E14,2308.807,232.85925
18.0,1.0,24.469234,2.5822935,1.9916714E10,1.5054399E13,2499.0977,1.9711967E10,0.4468815,20.005806,3715.4485,4.225469,0.9256154,535.3784,4.387571,4.6108433E13,2822.3079,719.28
18.0,2.0,77.12129,0.34951892,1.939579E9,3.7859972E12,5289.8335,6.7064226E10,0.27809048,0.2702185,20.896854,2945.6128,0.084367104,7688.801,19.11979,0.0,0.0,894.2943
18.0,3.0,116.507164,0.33290717,8.2798816E8,1.8463705E12,0.0,1.0457201E10,0.0,0.45813707,109.878624,6693.6763,0.45362934,15915.692,2.0548117,0.0,0.0,646.72284
18.0,4.0,59.789883,0.23890983,0.0,8.3394055E11,0.0,4.0642248E9,0.0,0.089506604,33.40011,0.0,0.21642658,0.0016041788,0.23659746,0.0,0.0,525.90564
18.0,5.0,16.95894,0.0,0.0,8.369123E10,0.0,2.002234E8,0.0,0.001066032,27.319567,0.0,0.0023990427,0.0,0.0,0.0,0.0,297.3174
18.0,6.0,16.784996,0.0,0.0,4.6901637E9,0.0,6.476077E8,0.0,0.0018185382,24.209028,0.0,0.48028275,0.0,0.0,0.0,0.0,146.48245
18.0,7.0,60.077827,0.0,0.0,1.9569706E8,0.0,1.091207E8,0.0,0.0026080564,16.390684,0.0,0.59544635,0.0,0.0,0.0,0.0,87.84929
18.0,8.0,43.8572,0.0,0.0,5.3974944E7,0.0,1.0204935E8,0.0,0.0,5.7217183,0.0,0.049608435,0.0,0.0,0.0,0.0,43.8894
18.0,9.0,9.594956,0.0,0.0,4125201.5,0.0,6927582.0,0.0,0.0,3.2300642,0.0,0.050648034,0.0,0.0,0.0,0.0,19.730242
18.0,10.0,0.0,0.0,0.0,655409.4,0.0,1.0780727E7,0.0,0.0038325058,0.90555215,0.0,0.0,0.0,0.0,0.0,0.0,9.001438
18.0,11.0,0.0,0.0,0.0,735.8124,0.0,1768404.1,0.0,0.004027297,2.686572,567.569,0.0,0.0,0.0,0.0,0.0,4.072978
18.0,12.0,0.0,0.0,0.0,3141.9946,0.0,37748.895,0.0,0.0,2.2360246,1285.9333,0.0,0.0,0.0,0.0,0.0,0.14981708
18.0,13.0,0.0,0.0,0.0,313.3385,0.0,388.41833,0.0,0.0,1.1836483,5.7619963,0.0,0.0,0.0,0.0,0.0,0.0
18.0,14.0,0.0,0.0,0.0,3.2807655,0.0,1908.1218,0.0,0.0,0.49373087,0.032036155,17.199932,0.0,0.0,0.0,0.0,0.0
18.0,15.0,0.0,0.0,0.0,0.0034125156,0.0,3677.5688,0.0,0.0,0.0,0.0,16.08413,0.0,0.0,0.0,0.0,0.0
18.0,16.0,0.0,0.0,0.0,3.3412888E-4,0.0,80.11546,0.0,0.0,0.0,0.0,0.0,0.0,0.0,0.0,0.0,0.0
18.0,17.0,0.0,0.0,0.0,0.008599115,0.0,331.27148,0.0,0.0,0.0,0.0,0.0,0.0,0.0,0.0,0.0,0.0
18.0,18.0,0.0,0.0,0.0,0.0031175774,0.0,54.756126,0.0,0.0,0.0,0.0,0.0,0.0,0.0,0.0,0.0,0.0
18.0,19.0,0.0,0.0,0.0,0.0,0.0,19.008333,0.0,0.0,0.0,0.0,0.0,0.0,0.0,0.0,0.0,0.0
18.0,20.0,0.0,0.0,0.0,0.0,0.0,7.891872,0.0,0.0,0.0,0.0,0.0,0.0,0.0,0.0,0.0,0.0
18.0,21.0,0.0,0.0,0.0,0.0,0.0,3.9216821,0.0,0.0,0.0,0.0,0.0,0.0,0.0,0.0,0.0,0.0
18.0,22.0,0.0,0.0,0.0,0.0,0.0,2.1842017,0.0,0.0,0.0,0.0,0.0,0.0,0.0,0.0,0.0,0.0
18.0,23.0,0.0,0.0,0.0,0.0,0.0,1.2301685,0.0,0.0,0.0,0.0,0.0,0.0,0.0,0.0,0.0,0.0
18.0,24.0,0.0,0.0,0.0,0.0,0.0,0.83148384,0.0,0.0,0.0,0.0,0.0,0.0,0.0,0.0,0.0,0.0
18.0,25.0,0.0,0.0,0.0,0.0,0.0,0.0,0.0,0.0,0.0,0.0,0.0,0.0,0.0,0.0,0.0,0.0
19.0,0.0,77.11446,10.001956,1.1513444E12,2.719016E13,13778.848,4.908559E9,5.450092,38.839176,4923.7007,5152.843,133.80823,5.0077,332.47366,4.5870053E14,2094.6924,256.57486
19.0,1.0,42.366306,2.3423734,3.7993508E9,2.1705238E13,2492.6794,4.897391E10,0.45608225,1.6526438,448.32074,0.124474384,12.258801,16.949091,1.4465669,1.3455904E14,1469.6897,653.3554
19.0,2.0,26.894146,0.54798317,1.3857419E10,1.8219149E13,2121.7053,1.6456432E10,0.22254238,1.5220798,25.193228,5.850267,0.9178123,20.947683,0.7118929,0.0,0.0,873.0112
19.0,3.0,81.064575,0.03341822,9.095709E8,2.8453078E12,0.0,5.096065E10,0.0,0.14435363,16.730452,3540.8484,0.04012019,0.010483287,0.0017011755,0.0,0.0,760.8426
19.0,4.0,111.93355,0.226712,0.0,9.4731973E11,0.0,9.0023E9,0.0,0.42969838,103.69959,6321.068,0.3298824,0.025572106,1.2982465,0.0,0.0,447.2456
19.0,5.0,51.78977,0.16650985,0.0,4.520161E11,0.0,3.92038E9,0.0,0.006232503,28.160799,0.0,0.0013997667,9.315876E-4,0.14356253,0.0,0.0,318.15982
19.0,6.0,13.43779,0.0,0.0,2.0798374E10,0.0,1.3347628E8,0.0,0.0,20.640495,0.0,0.0012907388,0.0,0.0,0.0,0.0,165.36205
19.0,7.0,12.265034,0.0,0.0,2.0251027E9,0.0,5.1219616E8,0.0,4.9340853E-4,17.42363,0.0,0.30567592,0.0,0.0,0.0,0.0,76.23499
19.0,8.0,42.361755,0.0,0.0,5.2057052E7,0.0,7.271217E7,0.0,0.0,11.547494,0.0,0.35142902,0.0,0.0,0.0,0.0,43.398
19.0,9.0,30.125301,0.0,0.0,2.045021E7,0.0,7.270635E7,0.0,0.0,3.909105,0.0,0.031806026,0.0,0.0,0.0,0.0,20.905159
19.0,10.0,0.0,0.0,0.0,802368.94,0.0,4581365.5,0.0,0.0,2.1918347,0.0,0.033404008,0.0,0.0,0.0,0.0,8.959808
19.0,11.0,0.0,0.0,0.0,185380.53,0.0,7084790.5,0.0,1.4649857E-4,0.598433,0.0,0.0,0.0,0.0,0.0,0.0,3.1389043
19.0,12.0,0.0,0.0,0.0,95.19447,0.0,1191740.6,0.0,0.0,1.7510773,339.69928,0.0,0.0,0.0,0.0,0.0,0.05421727
19.0,13.0,0.0,0.0,0.0,32.33716,0.0,24300.953,0.0,0.0,1.4674003,809.49664,0.0,0.0,0.0,0.0,0.0,0.0
19.0,14.0,0.0,0.0,0.0,0.7658283,0.0,260.2128,0.0,0.0,0.7698275,4.9081614E-4,0.0,0.0,0.0,0.0,0.0,0.0
19.0,15.0,0.0,0.0,0.0,1.4186162,0.0,1261.7151,0.0,0.0,0.0,0.0,10.616914,0.0,0.0,0.0,0.0,0.0
19.0,16.0,0.0,0.0,0.0,0.0,0.0,2416.8342,0.0,0.0,0.0,0.0,9.785931,0.0,0.0,0.0,0.0,0.0
19.0,17.0,0.0,0.0,0.0,1.4971758E-4,0.0,52.055294,0.0,0.0,0.0,0.0,0.0,0.0,0.0,0.0,0.0,0.0
19.0,18.0,0.0,0.0,0.0,0.0038220512,0.0,210.8648,0.0,0.0,0.0,0.0,0.0,0.0,0.0,0.0,0.0,0.0
19.0,19.0,0.0,0.0,0.0,2.4049323E-4,0.0,38.722244,0.0,0.0,0.0,0.0,0.0,0.0,0.0,0.0,0.0,0.0
19.0,20.0,0.0,0.0,0.0,0.0,0.0,13.419199,0.0,0.0,0.0,0.0,0.0,0.0,0.0,0.0,0.0,0.0
19.0,21.0,0.0,0.0,0.0,0.0,0.0,5.558165,0.0,0.0,0.0,0.0,0.0,0.0,0.0,0.0,0.0,0.0
19.0,22.0,0.0,0.0,0.0,0.0,0.0,2.756017,0.0,0.0,0.0,0.0,0.0,0.0,0.0,0.0,0.0,0.0
19.0,23.0,0.0,0.0,0.0,0.0,0.0,1.5321803,0.0,0.0,0.0,0.0,0.0,0.0,0.0,0.0,0.0,0.0
19.0,24.0,0.0,0.0,0.0,0.0,0.0,0.86185503,0.0,0.0,0.0,0.0,0.0,0.0,0.0,0.0,0.0,0.0
19.0,25.0,0.0,0.0,0.0,0.0,0.0,0.0,0.0,0.0,0.0,0.0,0.0,0.0,0.0,0.0,0.0,0.0
20.0,0.0,85.540825,17.743456,1.799393E13,1.1831799E14,2266.4773,3.7397735E11,1.1933204,123.26923,2776.7656,5768.9526,54.740967,3868.662,356.5667,9.95673E14,1700.9883,284.4544
20.0,1.0,61.273094,1.2482197,3.483226E12,7.393562E13,1791.82,2.9935438E10,1.161812,2.987814,654.8999,13051.493,2.1342428,236.1734,27.361698,2.5807539E14,1946.1218,753.8902
20.0,2.0,46.77528,0.37208733,2.3864783E9,1.9460866E13,718.4999,3.9189975E10,0.27594203,1.0447247,62.44902,0.11483726,1.4388239,3.2759995,5.106565E-4,0.0,0.0,821.04724
20.0,3.0,22.513,0.43239942,7.6277094E9,1.1256309E13,0.0,1.4338057E10,0.0,1.0075836,19.841173,0.6994246,0.7776637,4.051775,0.0057601123,0.0,0.0,737.63885
20.0,4.0,75.76082,0.0,0.0,1.9208915E12,0.0,4.8220852E10,0.0,0.14142518,15.0040455,2533.849,0.028445529,0.006009007,9.4563555E-4,0.0,0.0,525.50476
20.0,5.0,95.47025,0.08568232,0.0,2.8098134E11,0.0,8.2636196E9,0.0,0.3363129,83.15625,623.31396,0.025886009,1.5213732E-4,0.7926678,0.0,0.0,271.35934
20.0,6.0,40.888615,0.004491332,0.0,2.4918634E11,0.0,2.8947756E9,0.0,0.0,22.005234,0.0,0.0,0.0,0.0859051,0.0,0.0,176.60245
20.0,7.0,9.96149,0.0,0.0,7.300201E9,0.0,1.08813576E8,0.0,0.0,15.275429,0.0,0.0,0.0,0.0,0.0,0.0,86.15321
20.0,8.0,8.559039,0.0,0.0,5.192416E8,0.0,3.77655E8,0.0,0.0,12.136084,0.0,0.00832778,0.0,0.0,0.0,0.0,37.785603
20.0,9.0,28.76819,0.0,0.0,1.8299752E7,0.0,5.1315324E7,0.0,0.0,7.860413,0.0,0.007361989,0.0,0.0,0.0,0.0,20.668535
20.0,10.0,0.0,0.0,0.0,3358815.5,0.0,4.7304332E7,0.0,0.0,2.6412377,0.0,0.02108998,0.0,0.0,0.0,0.0,9.539322
20.0,11.0,0.0,0.0,0.0,122822.61,0.0,2824708.5,0.0,0.0,1.4208828,0.0,0.021166323,0.0,0.0,0.0,0.0,3.1115766
20.0,12.0,0.0,0.0,0.0,59127.168,0.0,4527247.0,0.0,0.0,0.37472758,0.0,0.0,0.0,0.0,0.0,0.0,0.022727383
20.0,13.0,0.0,0.0,0.0,0.036282994,0.0,766951.25,0.0,0.0,1.1279497,204.03001,0.0,0.0,0.0,0.0,0.0,0.0
20.0,14.0,0.0,0.0,0.0,0.05478709,0.0,15432.308,0.0,0.0,0.9529956,480.80563,0.0,0.0,0.0,0.0,0.0,0.0
20.0,15.0,0.0,0.0,0.0,0.27685797,0.0,175.85971,0.0,0.0,0.0,0.0,0.0,0.0,0.0,0.0,0.0,0.0
20.0,16.0,0.0,0.0,0.0,0.6315077,0.0,844.6281,0.0,0.0,0.0,0.0,6.4306383,0.0,0.0,0.0,0.0,0.0
20.0,17.0,0.0,0.0,0.0,0.0,0.0,1607.2316,0.0,0.0,0.0,0.0,0.0,0.0,0.0,0.0,0.0,0.0
20.0,18.0,0.0,0.0,0.0,6.64408E-5,0.0,32.764435,0.0,0.0,0.0,0.0,0.0,0.0,0.0,0.0,0.0,0.0
20.0,19.0,0.0,0.0,0.0,4.5883545E-4,0.0,141.23326,0.0,0.0,0.0,0.0,0.0,0.0,0.0,0.0,0.0,0.0
20.0,20.0,0.0,0.0,0.0,0.0,0.0,27.317814,0.0,0.0,0.0,0.0,0.0,0.0,0.0,0.0,0.0,0.0
20.0,21.0,0.0,0.0,0.0,0.0,0.0,9.4477415,0.0,0.0,0.0,0.0,0.0,0.0,0.0,0.0,0.0,0.0
20.0,22.0,0.0,0.0,0.0,0.0,0.0,3.9046233,0.0,0.0,0.0,0.0,0.0,0.0,0.0,0.0,0.0,0.0
20.0,23.0,0.0,0.0,0.0,0.0,0.0,1.9310594,0.0,0.0,0.0,0.0,0.0,0.0,0.0,0.0,0.0,0.0
20.0,24.0,0.0,0.0,0.0,0.0,0.0,1.0738345,0.0,0.0,0.0,0.0,0.0,0.0,0.0,0.0,0.0,0.0
20.0,25.0,0.0,0.0,0.0,0.0,0.0,0.0,0.0,0.0,0.0,0.0,0.0,0.0,0.0,0.0,0.0,0.0
