"Distribution of the biomass (tonne) of prey species (in columns) in the diet of mackerel by Age class (year). For class i, the preyed biomass in [i,i+1[ is reported."
"Time","Age","lesserSpottedDogfish","redMullet","pouting","whiting","poorCod","cod","dragonet","sole","plaice","horseMackerel","mackerel","herring","sardine","squids","cuttlefish","thornbackRay","diatoms","microPhytoplankton","heterotrophicFlagellates","microZooplankton","mesoZooplankton","Macrozoo","meioBenthos","depositBenthos","suspensionBenthos","largeBenthos","veryLargeBenthos"
1.0,0.0,0.0,0.019839384,0.13613527,204.21873,15.532119,0.38040137,29.77686,74.56094,50.497032,42.89956,0.054239962,186.30423,193.32964,178.35886,0.0,0.0,0.0,0.0,0.0,0.03237423,6.6593833,643.7518,0.0,0.0,0.0,0.0,0.0
1.0,1.0,0.0,0.3558116,0.7773546,615.8652,69.55311,1.634794E-4,32.715034,126.88837,16.506922,534.54974,3.0810177,211.19566,373.11795,790.0279,0.0,0.0,0.0,0.0,0.0,0.0,10.472413,954.8031,0.0,0.0,0.0,0.0,0.0
1.0,2.0,0.0,0.013771687,0.07329111,93.211555,3.3628693,4.6609715E-5,6.1127286,13.3000555,3.5276387,54.46044,0.1460851,17.337944,51.26207,122.35187,0.0,0.0,0.0,0.0,0.0,0.0,1.2114717,121.907906,0.0,0.0,0.0,0.0,0.0
1.0,3.0,0.0,0.0012877008,0.10249944,17.726465,1.0546917,5.3162225E-6,0.9253235,1.126584,0.29264447,15.153507,0.015364,3.3601425,13.689136,20.928625,0.0,0.0,0.0,0.0,0.0,0.0,0.14220697,15.708827,0.0,0.0,0.0,0.0,0.0
1.0,4.0,0.0,0.0013420904,0.00991422,1.5662135,0.18839605,8.4832817E-7,0.2664577,0.32232755,0.21100728,2.6445968,0.010746975,1.3931487,3.0228822,3.1516206,0.0,0.0,0.0,0.0,0.0,0.0,0.041484114,4.5943594,0.0,0.0,0.0,0.0,0.0
1.0,5.0,0.0,6.7561945E-5,7.6247123E-4,1.0218416,0.21596338,1.7433715E-6,0.07421755,0.123546675,0.042911872,1.7835104,5.306279E-5,0.5490986,2.1798124,1.6169915,0.0,0.0,0.0,0.0,0.0,0.0,0.011346829,1.7217988,0.0,0.0,0.0,0.0,0.0
1.0,6.0,0.003653418,3.0635545E-4,8.3891297E-4,1.0509932,0.23384054,2.2217455E-4,0.08171815,0.16053694,0.19720367,0.84718853,0.0014112083,0.43001255,1.4490005,1.1158608,0.0,0.0,0.0,0.0,0.0,0.0,0.009302997,1.4284528,0.0,0.0,0.0,0.0,0.0
1.0,7.0,9.675378E-5,1.5882221E-4,8.918504E-4,0.76283044,0.23517083,3.8179406E-4,0.085586525,0.10849533,0.027144376,0.95386815,0.0075795567,0.2422876,1.2072259,1.101485,0.0,0.0,0.0,0.0,0.0,0.0,0.007107175,1.0139977,0.0,0.0,0.0,0.0,0.0
1.0,8.0,2.3063195E-4,2.0063155E-4,0.0019571716,0.36179814,0.12250729,6.91223E-7,0.053800568,0.07630977,0.064202204,1.1375161,3.172818E-4,0.25315425,1.1271956,0.9272532,0.0,0.0,0.0,0.0,0.0,0.0,0.008937452,0.61834073,0.0,0.0,0.0,0.0,0.0
1.0,9.0,0.0038783436,6.36722E-4,0.013339512,0.28541592,0.15774943,0.004725399,0.03269437,0.045627125,0.024910936,0.58755124,0.0027529176,0.38069078,0.8970652,0.8022169,0.0,0.0,0.0,0.0,0.0,0.0,0.0056030136,0.81578726,0.0,0.0,0.0,0.0,0.0
1.0,10.0,0.032214,3.2102205E-5,9.335659E-4,0.36078507,0.10144221,1.8842868E-4,0.075101234,0.06805844,0.019108625,0.627949,0.019897845,0.43467912,0.8010362,0.4815244,0.0,0.0,0.0,0.0,0.0,0.0,0.00487047,0.69221586,0.0,0.0,0.0,0.0,0.0
1.0,11.0,0.0019549306,0.001111191,0.0037040042,0.26555195,0.17609218,0.0059943437,0.04934261,0.051222056,0.047797758,0.57469195,0.00977506,0.31777638,0.8967031,0.3652494,0.0,0.0,0.0,0.0,0.0,0.0,0.0048521548,0.60010135,0.0,0.0,0.0,0.0,0.0
1.0,12.0,0.0016203184,2.5375019E-5,0.0036976263,0.328542,0.100352086,2.869152E-4,0.021285448,0.057436053,0.04595037,0.4744722,0.0044830055,0.13651276,0.79361403,0.54037553,0.0,0.0,0.0,0.0,0.0,0.0,0.0030631043,0.49424505,0.0,0.0,0.0,0.0,0.0
1.0,13.0,0.017082205,8.6390675E-5,0.0041068583,0.21806654,0.1144958,0.0074049057,0.017533507,0.05322015,0.010836201,0.3464187,0.006898328,0.25273588,0.8442123,0.32070827,0.0,0.0,0.0,0.0,0.0,0.0,0.0025103365,0.4189214,0.0,0.0,0.0,0.0,0.0
1.0,14.0,0.0056719976,1.04426166E-4,9.960495E-4,0.15089473,0.0962532,0.0012385977,0.039347235,0.04548852,0.008103745,0.32851592,0.0012896386,0.17559367,0.7344706,0.24770752,0.0,0.0,0.0,0.0,0.0,0.0,0.002856064,0.42737547,0.0,0.0,0.0,0.0,0.0
1.0,15.0,2.3912311E-4,8.0418584E-5,0.0037435894,0.21878198,0.07385421,9.1284586E-5,0.019692484,0.044428695,0.013275578,0.33260813,0.009424619,0.1453973,0.5526845,0.27011073,0.0,0.0,0.0,0.0,0.0,0.0,0.0020978628,0.34156,0.0,0.0,0.0,0.0,0.0
1.0,16.0,0.00413695,2.4235444E-5,0.008969727,0.21163374,0.063540734,3.1260337E-4,0.017286954,0.009336068,0.005370994,0.28950828,0.0069079413,0.092450105,0.46988228,0.36607474,0.0,0.0,0.0,0.0,0.0,0.0,9.4020885E-4,0.26607746,0.0,0.0,0.0,0.0,0.0
1.0,17.0,0.0,0.0,0.0,0.0,0.0,0.0,0.0,0.0,0.0,0.0,0.0,0.0,0.0,0.0,0.0,0.0,0.0,0.0,0.0,0.0,0.0,0.0,0.0,0.0,0.0,0.0,0.0
1.0,18.0,0.0,0.0,0.0,0.0,0.0,0.0,0.0,0.0,0.0,0.0,0.0,0.0,0.0,0.0,0.0,0.0,0.0,0.0,0.0,0.0,0.0,0.0,0.0,0.0,0.0,0.0,0.0
1.0,19.0,0.0,0.0,0.0,0.0,0.0,0.0,0.0,0.0,0.0,0.0,0.0,0.0,0.0,0.0,0.0,0.0,0.0,0.0,0.0,0.0,0.0,0.0,0.0,0.0,0.0,0.0,0.0
1.0,20.0,0.0,0.0,0.0,0.0,0.0,0.0,0.0,0.0,0.0,0.0,0.0,0.0,0.0,0.0,0.0,0.0,0.0,0.0,0.0,0.0,0.0,0.0,0.0,0.0,0.0,0.0,0.0
1.0,21.0,0.0,0.0,0.0,0.0,0.0,0.0,0.0,0.0,0.0,0.0,0.0,0.0,0.0,0.0,0.0,0.0,0.0,0.0,0.0,0.0,0.0,0.0,0.0,0.0,0.0,0.0,0.0
1.0,22.0,0.0,0.0,0.0,0.0,0.0,0.0,0.0,0.0,0.0,0.0,0.0,0.0,0.0,0.0,0.0,0.0,0.0,0.0,0.0,0.0,0.0,0.0,0.0,0.0,0.0,0.0,0.0
1.0,23.0,0.0,0.0,0.0,0.0,0.0,0.0,0.0,0.0,0.0,0.0,0.0,0.0,0.0,0.0,0.0,0.0,0.0,0.0,0.0,0.0,0.0,0.0,0.0,0.0,0.0,0.0,0.0
1.0,24.0,0.0,0.0,0.0,0.0,0.0,0.0,0.0,0.0,0.0,0.0,0.0,0.0,0.0,0.0,0.0,0.0,0.0,0.0,0.0,0.0,0.0,0.0,0.0,0.0,0.0,0.0,0.0
1.0,25.0,0.0,0.0,0.0,0.0,0.0,0.0,0.0,0.0,0.0,0.0,0.0,0.0,0.0,0.0,0.0,0.0,0.0,0.0,0.0,0.0,0.0,0.0,0.0,0.0,0.0,0.0,0.0
2.0,0.0,0.0,8.472869E-4,1.2651044E-5,1.8256986,1.2685401,0.0,0.8562004,0.0013283025,7.846869E-4,1.0090748,0.06833673,0.04799208,0.006631836,7.324984E-4,0.0,0.0,0.0,0.0,0.0,0.080188245,0.32162267,27.626486,0.0,0.0,0.0,0.0,0.0
2.0,1.0,0.0,2.1505226E-4,1.2963984,495.33832,91.074585,2.6521371E-5,57.37155,86.06507,38.380672,216.0936,0.036564633,193.29521,100.59565,453.40137,0.0,0.0,0.0,0.0,0.0,0.0,3.555485,571.6787,0.0,0.0,0.0,0.0,0.0
2.0,2.0,3.5591298E-4,0.17763416,7.6874905,651.97296,306.5795,6.7756875E-5,44.455467,82.42694,9.360861,479.7152,12.310824,130.2151,28.582022,219.79405,0.0,0.0,0.0,0.0,0.0,0.0,5.346722,573.74457,0.0,0.0,0.0,0.0,0.0
2.0,3.0,0.0,0.018136429,0.30025247,86.07365,28.591326,4.205354E-6,6.4803796,10.6656475,1.8788466,48.34331,0.8814287,9.921022,4.72205,31.259184,0.0,0.0,0.0,0.0,0.0,0.0,1.036068,78.15127,0.0,0.0,0.0,0.0,0.0
2.0,4.0,0.0,0.0078007253,0.073527545,15.010595,3.9874072,5.506458E-7,0.51689,1.6669604,0.30189088,11.884726,0.0013945788,2.640553,0.74230975,5.433115,0.0,0.0,0.0,0.0,0.0,0.0,0.10542159,9.631576,0.0,0.0,0.0,0.0,0.0
2.0,5.0,0.0,1.7022967E-4,0.11420291,1.8433938,0.93365973,7.188826E-8,0.22057457,0.19172569,0.12994623,0.84503746,0.046356004,0.7996804,0.16296287,1.5186759,0.0,0.0,0.0,0.0,0.0,0.0,0.026757812,2.982604,0.0,0.0,0.0,0.0,0.0
2.0,6.0,9.921125E-5,1.0626228E-4,0.020778762,1.4854057,0.32829902,8.40419E-9,0.09743069,0.03873933,0.028711766,0.45176423,0.010727146,0.54493344,0.21774691,0.7508926,0.0,0.0,0.0,0.0,0.0,0.0,0.012649358,1.0397342,0.0,0.0,0.0,0.0,0.0
2.0,7.0,0.0039233426,8.3317806E-5,0.008522084,0.85400623,0.24013285,1.2939068E-7,0.04558386,0.096111946,0.06363303,0.4170281,9.553449E-4,0.18399364,0.20863225,0.7313741,0.0,0.0,0.0,0.0,0.0,0.0,0.008984439,0.88675314,0.0,0.0,0.0,0.0,0.0
2.0,8.0,0.005147325,1.3468022E-4,9.6364366E-4,0.7227593,0.21278399,2.9107971E-8,0.037349064,0.06661858,0.006707122,0.43721622,0.005349269,0.21681678,0.18613222,0.5440802,0.0,0.0,0.0,0.0,0.0,0.0,0.0039560394,0.55313516,0.0,0.0,0.0,0.0,0.0
2.0,9.0,2.3293733E-5,2.3918057E-5,0.0015308624,0.5799543,0.23116927,5.750395E-9,0.05773635,0.07350818,0.015582551,0.23875809,0.0010063818,0.15207581,0.19788688,0.3765026,0.0,0.0,0.0,0.0,0.0,0.0,0.005761658,0.46055558,0.0,0.0,0.0,0.0,0.0
2.0,10.0,1.6011878E-4,1.0134138E-4,0.001716611,0.3898709,0.221508,1.609901E-9,0.035066213,0.049669996,0.017434694,0.2211591,6.012219E-4,0.1745063,0.16919518,0.26714897,0.0,0.0,0.0,0.0,0.0,0.0,0.004093098,0.42524698,0.0,0.0,0.0,0.0,0.0
2.0,11.0,0.007821158,1.0260779E-4,0.010742303,0.44618502,0.17630598,1.758742E-8,0.054900814,0.023632014,0.008652396,0.21465154,0.0022101428,0.08502354,0.14136122,0.26378122,0.0,0.0,0.0,0.0,0.0,0.0,0.0032743015,0.36246648,0.0,0.0,0.0,0.0,0.0
2.0,12.0,0.004324492,3.0176558E-5,0.0024751022,0.38189542,0.118644044,1.0896407E-9,0.03062677,0.04767564,0.011854011,0.17297669,0.0026446274,0.068057895,0.20036174,0.2675968,0.0,0.0,0.0,0.0,0.0,0.0,0.0023996104,0.30937248,0.0,0.0,0.0,0.0,0.0
2.0,13.0,5.1039876E-4,1.5467926E-5,0.0056292526,0.35554716,0.08238051,4.1506816E-8,0.02151392,0.0341806,0.013746938,0.124590665,0.006100162,0.038753867,0.19120076,0.23494816,0.0,0.0,0.0,0.0,0.0,0.0,0.0031860876,0.30193195,0.0,0.0,0.0,0.0,0.0
2.0,14.0,0.004394991,1.3309412E-5,0.0044336612,0.28490034,0.05660013,3.2736985E-8,0.013548916,0.039617103,0.012581571,0.13778965,1.5157266E-4,0.076175615,0.17474945,0.21699275,0.0,0.0,0.0,0.0,0.0,0.0,0.0022185305,0.208161,0.0,0.0,0.0,0.0,0.0
2.0,15.0,3.441209E-4,1.5854615E-5,0.0020566736,0.22199062,0.04208011,2.3754271E-8,0.03339618,0.024292668,0.0093840035,0.11653412,0.0013231788,0.07884069,0.11706189,0.17957602,0.0,0.0,0.0,0.0,0.0,0.0,0.002036551,0.2546112,0.0,0.0,0.0,0.0,0.0
2.0,16.0,9.811393E-4,6.790625E-5,0.0013979721,0.22478123,0.05151461,6.5998593E-9,0.01482321,0.01906722,0.009396385,0.13555913,6.5003324E-4,0.06621927,0.102095306,0.17494561,0.0,0.0,0.0,0.0,0.0,0.0,9.410673E-4,0.1689035,0.0,0.0,0.0,0.0,0.0
2.0,17.0,0.0,0.0,0.0,0.0,0.0,0.0,0.0,0.0,0.0,0.0,0.0,0.0,0.0,0.0,0.0,0.0,0.0,0.0,0.0,0.0,0.0,0.0,0.0,0.0,0.0,0.0,0.0
2.0,18.0,0.0,0.0,0.0,0.0,0.0,0.0,0.0,0.0,0.0,0.0,0.0,0.0,0.0,0.0,0.0,0.0,0.0,0.0,0.0,0.0,0.0,0.0,0.0,0.0,0.0,0.0,0.0
2.0,19.0,0.0,0.0,0.0,0.0,0.0,0.0,0.0,0.0,0.0,0.0,0.0,0.0,0.0,0.0,0.0,0.0,0.0,0.0,0.0,0.0,0.0,0.0,0.0,0.0,0.0,0.0,0.0
2.0,20.0,0.0,0.0,0.0,0.0,0.0,0.0,0.0,0.0,0.0,0.0,0.0,0.0,0.0,0.0,0.0,0.0,0.0,0.0,0.0,0.0,0.0,0.0,0.0,0.0,0.0,0.0,0.0
2.0,21.0,0.0,0.0,0.0,0.0,0.0,0.0,0.0,0.0,0.0,0.0,0.0,0.0,0.0,0.0,0.0,0.0,0.0,0.0,0.0,0.0,0.0,0.0,0.0,0.0,0.0,0.0,0.0
2.0,22.0,0.0,0.0,0.0,0.0,0.0,0.0,0.0,0.0,0.0,0.0,0.0,0.0,0.0,0.0,0.0,0.0,0.0,0.0,0.0,0.0,0.0,0.0,0.0,0.0,0.0,0.0,0.0
2.0,23.0,0.0,0.0,0.0,0.0,0.0,0.0,0.0,0.0,0.0,0.0,0.0,0.0,0.0,0.0,0.0,0.0,0.0,0.0,0.0,0.0,0.0,0.0,0.0,0.0,0.0,0.0,0.0
2.0,24.0,0.0,0.0,0.0,0.0,0.0,0.0,0.0,0.0,0.0,0.0,0.0,0.0,0.0,0.0,0.0,0.0,0.0,0.0,0.0,0.0,0.0,0.0,0.0,0.0,0.0,0.0,0.0
2.0,25.0,0.0,0.0,0.0,0.0,0.0,0.0,0.0,0.0,0.0,0.0,0.0,0.0,0.0,0.0,0.0,0.0,0.0,0.0,0.0,0.0,0.0,0.0,0.0,0.0,0.0,0.0,0.0
3.0,0.0,0.0,0.025694009,0.11165777,34.062775,58.862026,7.502404E-5,4.3943605,7.399297,4.246577,6.709268,0.010217285,3.834104,8.6101564E-4,1.5756071,0.0,0.0,0.0,0.0,0.0,0.04834254,1.0707091,83.672646,0.0,0.0,0.0,0.0,0.0
3.0,1.0,0.0,0.003827981,0.004512034,61.905777,54.806053,5.07132E-6,23.212048,9.67151,3.327002,77.82056,0.063318916,0.32377186,0.5909913,0.017399175,0.0,0.0,0.0,0.0,0.0,0.0,0.9283837,77.37755,0.0,0.0,0.0,0.0,0.0
3.0,2.0,0.1578392,0.008780056,0.20939055,406.89017,144.10837,7.54457E-5,28.40748,39.573334,41.994076,140.67226,8.423691,101.30367,12.139714,43.197052,0.0,0.0,0.0,0.0,0.0,0.0,1.9831417,380.49744,0.0,0.0,0.0,0.0,0.0
3.0,3.0,0.08656402,0.12702043,2.6070664,475.65668,245.629,2.3998476E-4,38.036407,37.202877,8.345342,283.32812,3.0051994,67.56186,10.634917,35.058723,0.0,0.0,0.0,0.0,0.0,0.0,2.5355597,298.46542,0.0,0.0,0.0,0.0,0.0
3.0,4.0,0.008449119,0.012916295,0.34131473,54.354702,24.526522,1.2139954E-5,4.2431197,3.764602,1.005712,29.506147,0.11515665,6.1011477,0.58440304,4.1071825,0.0,0.0,0.0,0.0,0.0,0.0,0.4113392,40.374134,0.0,0.0,0.0,0.0,0.0
3.0,5.0,2.9641507E-5,4.3696706E-4,0.050978865,8.5446415,4.099049,3.3372633E-6,0.6300101,0.4890119,0.06328615,4.049735,0.031720575,0.76026314,0.14520945,0.5139947,0.0,0.0,0.0,0.0,0.0,0.0,0.065186225,6.7820477,0.0,0.0,0.0,0.0,0.0
3.0,6.0,0.0057385685,8.540576E-5,0.0080981245,1.7096459,0.5348311,3.8854222E-7,0.16947213,0.1041628,0.053238105,0.692545,0.009958998,0.28851515,0.038056843,0.18845028,0.0,0.0,0.0,0.0,0.0,0.0,0.012898718,0.9686479,0.0,0.0,0.0,0.0,0.0
3.0,7.0,0.006433585,1.5108143E-4,0.007616542,0.80722076,0.27356103,4.4546447E-8,0.052886315,0.045620553,0.023241976,0.42462462,0.0101218065,0.19791423,0.014662945,0.064257406,0.0,0.0,0.0,0.0,0.0,0.0,0.007790152,0.45432404,0.0,0.0,0.0,0.0,0.0
3.0,8.0,0.0040476774,0.0010820224,0.0013820038,0.58190715,0.25997224,4.979337E-8,0.039400734,0.029670514,0.05776742,0.1987338,0.004723954,0.16156216,0.014181239,0.08416113,0.0,0.0,0.0,0.0,0.0,0.0,0.00325386,0.2954421,0.0,0.0,0.0,0.0,0.0
3.0,9.0,1.2319535E-4,1.579476E-4,0.004010392,0.3683658,0.2106008,8.432694E-7,0.028353151,0.025711399,0.014761511,0.19315323,0.0079916455,0.12872857,0.024233675,0.056986947,0.0,0.0,0.0,0.0,0.0,0.0,0.0066234977,0.2924817,0.0,0.0,0.0,0.0,0.0
3.0,10.0,5.46719E-4,2.7856254E-6,0.0045202263,0.30050138,0.1416389,1.3576452E-7,0.030694121,0.018843576,0.021270895,0.14078848,0.009846088,0.065824404,0.01892352,0.05092945,0.0,0.0,0.0,0.0,0.0,0.0,0.0028752412,0.23563233,0.0,0.0,0.0,0.0,0.0
3.0,11.0,2.5356709E-5,1.678115E-4,4.715423E-4,0.24708901,0.13020709,4.4536193E-8,0.022486432,0.014042428,0.008186611,0.11943584,1.7702141E-4,0.055327497,0.032596,0.030025331,0.0,0.0,0.0,0.0,0.0,0.0,0.0030963088,0.20236297,0.0,0.0,0.0,0.0,0.0
3.0,12.0,2.9235143E-5,2.2877955E-5,0.0011680658,0.2737941,0.10799423,4.3925972E-8,0.020786844,0.010627439,0.008711437,0.10731921,0.007915293,0.059670176,0.021802211,0.039597407,0.0,0.0,0.0,0.0,0.0,0.0,0.0016616716,0.14168566,0.0,0.0,0.0,0.0,0.0
3.0,13.0,9.080447E-4,1.5519436E-5,3.7302083E-4,0.18474205,0.08026223,6.430451E-8,0.01574223,0.014255374,0.008969479,0.14794916,0.005056399,0.030889578,0.016574007,0.02039613,0.0,0.0,0.0,0.0,0.0,0.0,0.0017468595,0.16228306,0.0,0.0,0.0,0.0,0.0
3.0,14.0,7.811768E-5,9.161052E-5,0.0021833493,0.19178814,0.09746601,1.4643386E-8,0.012936691,0.020231092,0.014922931,0.06261385,0.0017587348,0.03068714,0.018355247,0.028841943,0.0,0.0,0.0,0.0,0.0,0.0,0.0012662584,0.12477428,0.0,0.0,0.0,0.0,0.0
3.0,15.0,3.269322E-4,2.380595E-5,4.3845703E-4,0.17067505,0.07779147,4.0643677E-8,0.013328999,0.0073672137,0.008127853,0.0754131,0.0012242568,0.030713234,0.015260461,0.02474562,0.0,0.0,0.0,0.0,0.0,0.0,6.010812E-4,0.104703896,0.0,0.0,0.0,0.0,0.0
3.0,16.0,7.891376E-6,3.8762053E-5,0.0012238879,0.16310629,0.055047274,3.95344E-8,0.007483888,0.0069468063,0.006509573,0.060453553,0.0032591547,0.016381597,0.013469059,0.027464205,0.0,0.0,0.0,0.0,0.0,0.0,6.820301E-4,0.09606748,0.0,0.0,0.0,0.0,0.0
3.0,17.0,0.0,0.0,0.0,0.0,0.0,0.0,0.0,0.0,0.0,0.0,0.0,0.0,0.0,0.0,0.0,0.0,0.0,0.0,0.0,0.0,0.0,0.0,0.0,0.0,0.0,0.0,0.0
3.0,18.0,0.0,0.0,0.0,0.0,0.0,0.0,0.0,0.0,0.0,0.0,0.0,0.0,0.0,0.0,0.0,0.0,0.0,0.0,0.0,0.0,0.0,0.0,0.0,0.0,0.0,0.0,0.0
3.0,19.0,0.0,0.0,0.0,0.0,0.0,0.0,0.0,0.0,0.0,0.0,0.0,0.0,0.0,0.0,0.0,0.0,0.0,0.0,0.0,0.0,0.0,0.0,0.0,0.0,0.0,0.0,0.0
3.0,20.0,0.0,0.0,0.0,0.0,0.0,0.0,0.0,0.0,0.0,0.0,0.0,0.0,0.0,0.0,0.0,0.0,0.0,0.0,0.0,0.0,0.0,0.0,0.0,0.0,0.0,0.0,0.0
3.0,21.0,0.0,0.0,0.0,0.0,0.0,0.0,0.0,0.0,0.0,0.0,0.0,0.0,0.0,0.0,0.0,0.0,0.0,0.0,0.0,0.0,0.0,0.0,0.0,0.0,0.0,0.0,0.0
3.0,22.0,0.0,0.0,0.0,0.0,0.0,0.0,0.0,0.0,0.0,0.0,0.0,0.0,0.0,0.0,0.0,0.0,0.0,0.0,0.0,0.0,0.0,0.0,0.0,0.0,0.0,0.0,0.0
3.0,23.0,0.0,0.0,0.0,0.0,0.0,0.0,0.0,0.0,0.0,0.0,0.0,0.0,0.0,0.0,0.0,0.0,0.0,0.0,0.0,0.0,0.0,0.0,0.0,0.0,0.0,0.0,0.0
3.0,24.0,0.0,0.0,0.0,0.0,0.0,0.0,0.0,0.0,0.0,0.0,0.0,0.0,0.0,0.0,0.0,0.0,0.0,0.0,0.0,0.0,0.0,0.0,0.0,0.0,0.0,0.0,0.0
3.0,25.0,0.0,0.0,0.0,0.0,0.0,0.0,0.0,0.0,0.0,0.0,0.0,0.0,0.0,0.0,0.0,0.0,0.0,0.0,0.0,0.0,0.0,0.0,0.0,0.0,0.0,0.0,0.0
4.0,0.0,0.0,3.247642E-4,1.741344E-4,5.5123887,8.195774,2.6042017E-4,7.820596,3.6588974,7.004643,1.4310057,0.0030737347,0.3712388,0.0033906142,0.9033613,0.0,0.0,0.0,0.0,0.0,0.03056021,0.6877554,59.544765,0.0,0.0,0.0,0.0,0.0
4.0,1.0,0.0,0.04500386,0.19192712,149.82645,75.29245,1.15569805E-4,7.006488,23.157858,11.436112,60.9042,0.19778943,0.59382135,0.0828304,1.0173628,0.0,0.0,0.0,0.0,0.0,0.0,1.3299834,107.35238,0.0,0.0,0.0,0.0,0.0
4.0,2.0,0.0,0.039771315,0.7306581,72.10621,15.499714,3.099339E-5,4.5241714,1.4792887,0.021325193,51.114082,0.041082688,0.011164374,0.08835165,0.07090585,0.0,0.0,0.0,0.0,0.0,0.0,0.50415623,47.51884,0.0,0.0,0.0,0.0,0.0
4.0,3.0,0.5596191,0.0064931447,0.11794769,300.50275,124.63961,3.403961E-4,13.928256,14.245753,21.678638,99.04091,1.3251994,41.71465,4.482909,3.1234066,0.0,0.0,0.0,0.0,0.0,0.0,0.6014609,177.52097,0.0,0.0,0.0,0.0,0.0
4.0,4.0,0.12243055,0.28106645,1.2970194,269.609,150.81395,6.52062E-4,18.928816,13.52544,5.5998125,136.13919,2.0564733,40.24654,8.314844,8.51227,0.0,0.0,0.0,0.0,0.0,0.0,0.9372071,138.01875,0.0,0.0,0.0,0.0,0.0
4.0,5.0,0.03530342,0.018656604,0.16661347,31.91198,14.378381,5.544998E-5,1.9803394,1.2030556,0.4217822,13.189467,0.10444398,3.0552993,0.631486,0.71170324,0.0,0.0,0.0,0.0,0.0,0.0,0.18782374,16.509787,0.0,0.0,0.0,0.0,0.0
4.0,6.0,0.032005053,0.0012106021,0.005050926,4.0934896,2.4991806,1.4629653E-6,0.31164804,0.26249912,0.09294997,2.0579154,0.0041216197,0.55521125,0.19536482,0.14995466,0.0,0.0,0.0,0.0,0.0,0.0,0.01726465,2.2569435,0.0,0.0,0.0,0.0,0.0
4.0,7.0,2.8567316E-4,4.265596E-4,0.0020975485,0.8563357,0.3575721,5.4160203E-8,0.04225093,0.08665329,0.018457962,0.30586773,0.010047464,0.14760688,0.015941806,0.013427644,0.0,0.0,0.0,0.0,0.0,0.0,0.0022668226,0.38388854,0.0,0.0,0.0,0.0,0.0
4.0,8.0,2.6508083E-4,4.5659204E-4,0.0014670198,0.34253988,0.20609842,5.1060897E-7,0.019385181,0.031811,0.012754816,0.1739428,0.0018854135,0.089297526,0.010997531,0.005014653,0.0,0.0,0.0,0.0,0.0,0.0,9.2646445E-4,0.20118658,0.0,0.0,0.0,0.0,0.0
4.0,9.0,1.1795189E-4,4.739622E-4,8.00704E-4,0.28285328,0.1518276,6.524254E-7,0.017105069,0.017608227,0.006091867,0.106068216,0.0026186185,0.038214214,0.01583795,0.0021250134,0.0,0.0,0.0,0.0,0.0,0.0,0.0019816044,0.13749887,0.0,0.0,0.0,0.0,0.0
4.0,10.0,4.926171E-5,4.3289032E-4,6.0221145E-4,0.19607376,0.114362806,5.2957705E-7,0.008609654,0.0069691283,0.019030545,0.087165974,0.0050909175,0.03008877,0.00960704,0.005503061,0.0,0.0,0.0,0.0,0.0,0.0,5.9682387E-4,0.12191825,0.0,0.0,0.0,0.0,0.0
4.0,11.0,8.0001606E-5,5.6836787E-5,0.0017294075,0.1533761,0.07509055,1.3260662E-7,0.010114097,0.010312533,0.002771519,0.058611456,2.1897488E-4,0.026393414,0.006945789,0.0038328588,0.0,0.0,0.0,0.0,0.0,0.0,0.0013799607,0.101701505,0.0,0.0,0.0,0.0,0.0
4.0,12.0,0.001054059,3.4016404E-5,3.04886E-4,0.1234803,0.07055555,7.8429125E-8,0.012528083,0.0053165387,0.010008649,0.049283586,6.876812E-4,0.02253754,0.00741574,0.0021258215,0.0,0.0,0.0,0.0,0.0,0.0,5.545551E-4,0.06685297,0.0,0.0,0.0,0.0,0.0
4.0,13.0,3.8873812E-4,2.7679052E-4,0.0013194858,0.11359103,0.05773694,9.142229E-9,0.0067182807,0.0053971917,0.0059898845,0.045568023,7.8184885E-4,0.027478281,0.00738166,0.0012341081,0.0,0.0,0.0,0.0,0.0,0.0,9.165069E-4,0.06355299,0.0,0.0,0.0,0.0,0.0
4.0,14.0,2.2754546E-4,1.3027503E-4,4.6065234E-4,0.0967635,0.07287239,2.7420487E-8,0.0043957094,0.0050868434,0.0060370876,0.042279962,3.007981E-4,0.009874033,0.004315986,0.002104843,0.0,0.0,0.0,0.0,0.0,0.0,3.5651308E-4,0.05255332,0.0,0.0,0.0,0.0,0.0
4.0,15.0,1.824348E-5,6.0616553E-6,6.874537E-4,0.105654664,0.038720634,3.5341415E-8,0.0019848659,0.009215751,0.0012733502,0.03398766,4.3062348E-4,0.01690432,0.0029629844,0.0023030636,0.0,0.0,0.0,0.0,0.0,0.0,5.235121E-4,0.04408936,0.0,0.0,0.0,0.0,0.0
4.0,16.0,5.8906485E-4,2.2556002E-5,6.3477096E-4,0.08103019,0.038523223,1.3654729E-7,0.007185838,0.0030245418,0.004167997,0.024440054,2.4308452E-4,0.010202372,0.0053761383,0.0010606954,0.0,0.0,0.0,0.0,0.0,0.0,5.205243E-4,0.04617597,0.0,0.0,0.0,0.0,0.0
4.0,17.0,0.0,0.0,0.0,0.0,0.0,0.0,0.0,0.0,0.0,0.0,0.0,0.0,0.0,0.0,0.0,0.0,0.0,0.0,0.0,0.0,0.0,0.0,0.0,0.0,0.0,0.0,0.0
4.0,18.0,0.0,0.0,0.0,0.0,0.0,0.0,0.0,0.0,0.0,0.0,0.0,0.0,0.0,0.0,0.0,0.0,0.0,0.0,0.0,0.0,0.0,0.0,0.0,0.0,0.0,0.0,0.0
4.0,19.0,0.0,0.0,0.0,0.0,0.0,0.0,0.0,0.0,0.0,0.0,0.0,0.0,0.0,0.0,0.0,0.0,0.0,0.0,0.0,0.0,0.0,0.0,0.0,0.0,0.0,0.0,0.0
4.0,20.0,0.0,0.0,0.0,0.0,0.0,0.0,0.0,0.0,0.0,0.0,0.0,0.0,0.0,0.0,0.0,0.0,0.0,0.0,0.0,0.0,0.0,0.0,0.0,0.0,0.0,0.0,0.0
4.0,21.0,0.0,0.0,0.0,0.0,0.0,0.0,0.0,0.0,0.0,0.0,0.0,0.0,0.0,0.0,0.0,0.0,0.0,0.0,0.0,0.0,0.0,0.0,0.0,0.0,0.0,0.0,0.0
4.0,22.0,0.0,0.0,0.0,0.0,0.0,0.0,0.0,0.0,0.0,0.0,0.0,0.0,0.0,0.0,0.0,0.0,0.0,0.0,0.0,0.0,0.0,0.0,0.0,0.0,0.0,0.0,0.0
4.0,23.0,0.0,0.0,0.0,0.0,0.0,0.0,0.0,0.0,0.0,0.0,0.0,0.0,0.0,0.0,0.0,0.0,0.0,0.0,0.0,0.0,0.0,0.0,0.0,0.0,0.0,0.0,0.0
4.0,24.0,0.0,0.0,0.0,0.0,0.0,0.0,0.0,0.0,0.0,0.0,0.0,0.0,0.0,0.0,0.0,0.0,0.0,0.0,0.0,0.0,0.0,0.0,0.0,0.0,0.0,0.0,0.0
4.0,25.0,0.0,0.0,0.0,0.0,0.0,0.0,0.0,0.0,0.0,0.0,0.0,0.0,0.0,0.0,0.0,0.0,0.0,0.0,0.0,0.0,0.0,0.0,0.0,0.0,0.0,0.0,0.0
5.0,0.0,0.0,0.0022612212,0.62424845,15.802519,11.988108,5.104305E-5,3.3023784,2.8091044,10.109273,3.428414,8.985802E-4,0.048717897,0.0043900744,0.29200912,0.0,0.0,0.0,0.0,0.0,0.021800213,0.56014717,34.203926,0.0,0.0,0.0,0.0,0.0
5.0,1.0,0.0,0.02038215,0.19982573,91.549706,72.67202,5.3001253E-4,8.103117,6.538197,5.872343,12.462813,0.31856367,0.2986395,0.10993941,1.094911,0.0,0.0,0.0,0.0,0.0,0.0,0.9331866,85.133095,0.0,0.0,0.0,0.0,0.0
5.0,2.0,0.019375958,0.012431403,0.043288525,85.6619,66.221146,4.764651E-5,0.6244423,18.642288,11.495616,23.419367,0.17298234,0.51238304,0.029208435,4.974984,0.0,0.0,0.0,0.0,0.0,0.0,0.628727,70.32375,0.0,0.0,0.0,0.0,0.0
5.0,3.0,2.1039647E-4,0.0010350319,0.040133335,29.11175,36.61021,0.0018282785,0.47033232,0.52949685,0.0012721054,13.9613495,1.2838304,0.26093167,0.006559824,2.8682907,0.0,0.0,0.0,0.0,0.0,0.0,0.2542564,32.149185,0.0,0.0,0.0,0.0,0.0
5.0,4.0,0.47376955,0.0020812799,0.12243837,143.54666,64.280266,7.6786237E-4,5.2357244,8.301605,18.54929,54.43271,0.53537923,27.065552,4.2754383,10.781325,0.0,0.0,0.0,0.0,0.0,0.0,0.25736463,79.73879,0.0,0.0,0.0,0.0,0.0
5.0,5.0,0.069806635,0.03868658,1.1411998,178.50568,87.24333,5.006579E-4,3.1102185,7.178763,4.096958,69.45556,0.5519522,13.103424,1.4127288,14.700588,0.0,0.0,0.0,0.0,0.0,0.0,0.28025344,65.77477,0.0,0.0,0.0,0.0,0.0
5.0,6.0,0.082766086,0.0047514797,0.10288566,16.149782,10.888603,1.04862775E-4,0.45266232,0.84183306,0.41787305,6.21776,0.12414819,0.6130383,0.07608059,2.2056918,0.0,0.0,0.0,0.0,0.0,0.0,0.061347164,6.7116203,0.0,0.0,0.0,0.0,0.0
5.0,7.0,2.7063215E-4,1.4968064E-4,0.022895439,2.64897,1.1862253,5.2877504E-6,0.024436569,0.23930217,0.12482269,1.2042062,0.0043219617,0.18975589,0.0033023139,0.11426615,0.0,0.0,0.0,0.0,0.0,0.0,0.0035072747,0.7516988,0.0,0.0,0.0,0.0,0.0
5.0,8.0,0.0020812391,3.8100723E-5,6.1487645E-4,0.4336228,0.24119547,2.1488705E-7,0.015591344,0.03835221,0.016876578,0.11604995,0.001991679,0.03126316,0.007336593,0.020999037,0.0,0.0,0.0,0.0,0.0,0.0,0.001107726,0.16515493,0.0,0.0,0.0,0.0,0.0
5.0,9.0,8.944884E-4,1.8488319E-4,5.2868985E-5,0.19724964,0.07664063,5.3985534E-8,0.012876591,0.009048167,0.007403433,0.058225974,0.0010623838,0.03062511,0.0033563264,0.016345888,0.0,0.0,0.0,0.0,0.0,0.0,9.226447E-4,0.10040457,0.0,0.0,0.0,0.0,0.0
5.0,10.0,1.2238724E-5,1.1039744E-5,5.6298805E-4,0.13163316,0.079630464,1.3618066E-7,0.0023201301,0.0040981113,0.011174738,0.04461955,0.0014773402,0.022764478,0.003645952,0.0045053097,0.0,0.0,0.0,0.0,0.0,0.0,6.423623E-4,0.052003793,0.0,0.0,0.0,0.0,0.0
5.0,11.0,1.6718773E-4,4.2556317E-6,1.17621585E-5,0.1202948,0.049814984,3.7898772E-7,0.0047831326,0.003871778,0.0033694166,0.036457483,1.1417513E-4,0.010076126,5.247384E-4,0.004798714,0.0,0.0,0.0,0.0,0.0,0.0,1.794751E-4,0.039846405,0.0,0.0,0.0,0.0,0.0
5.0,12.0,2.0824785E-4,2.2443066E-5,3.9417233E-4,0.06567234,0.046371896,4.0432283E-7,0.002219103,0.0031266166,0.008801013,0.031438388,2.5817187E-4,0.0065266597,0.0018597755,0.0034274962,0.0,0.0,0.0,0.0,0.0,0.0,2.2668707E-4,0.035760798,0.0,0.0,0.0,0.0,0.0
5.0,13.0,1.4023838E-4,1.8303435E-5,2.0094674E-4,0.059367318,0.034409896,2.0889713E-8,0.0022154017,0.003752136,0.00404909,0.017848734,5.9468937E-5,0.010546194,0.0020544443,0.002656688,0.0,0.0,0.0,0.0,0.0,0.0,5.6912296E-4,0.026851984,0.0,0.0,0.0,0.0,0.0
5.0,14.0,8.641257E-5,3.173599E-5,1.9056816E-4,0.057821114,0.028639168,5.4227346E-8,0.0014879743,0.0024971724,0.004650205,0.017983276,7.9402875E-5,0.010515052,7.585257E-4,0.0032581433,0.0,0.0,0.0,0.0,0.0,0.0,1.6855559E-4,0.020659953,0.0,0.0,0.0,0.0,0.0
5.0,15.0,9.705748E-5,3.7293305E-6,1.566739E-4,0.03767526,0.024860904,4.5036646E-8,0.0021269848,0.002534889,0.00446258,0.017548837,2.0404549E-4,0.0058788564,0.0025520963,0.0034765154,0.0,0.0,0.0,0.0,0.0,0.0,2.8199368E-4,0.028174609,0.0,0.0,0.0,0.0,0.0
5.0,16.0,3.3729878E-4,1.2062182E-5,2.9589626E-5,0.030339291,0.023143465,1.7617184E-8,7.317475E-4,0.001872566,0.0042570787,0.015922304,1.3735263E-4,0.0051655388,0.0037653358,0.0032328872,0.0,0.0,0.0,0.0,0.0,0.0,4.3833887E-4,0.022160823,0.0,0.0,0.0,0.0,0.0
5.0,17.0,0.0,0.0,0.0,0.0,0.0,0.0,0.0,0.0,0.0,0.0,0.0,0.0,0.0,0.0,0.0,0.0,0.0,0.0,0.0,0.0,0.0,0.0,0.0,0.0,0.0,0.0,0.0
5.0,18.0,0.0,0.0,0.0,0.0,0.0,0.0,0.0,0.0,0.0,0.0,0.0,0.0,0.0,0.0,0.0,0.0,0.0,0.0,0.0,0.0,0.0,0.0,0.0,0.0,0.0,0.0,0.0
5.0,19.0,0.0,0.0,0.0,0.0,0.0,0.0,0.0,0.0,0.0,0.0,0.0,0.0,0.0,0.0,0.0,0.0,0.0,0.0,0.0,0.0,0.0,0.0,0.0,0.0,0.0,0.0,0.0
5.0,20.0,0.0,0.0,0.0,0.0,0.0,0.0,0.0,0.0,0.0,0.0,0.0,0.0,0.0,0.0,0.0,0.0,0.0,0.0,0.0,0.0,0.0,0.0,0.0,0.0,0.0,0.0,0.0
5.0,21.0,0.0,0.0,0.0,0.0,0.0,0.0,0.0,0.0,0.0,0.0,0.0,0.0,0.0,0.0,0.0,0.0,0.0,0.0,0.0,0.0,0.0,0.0,0.0,0.0,0.0,0.0,0.0
5.0,22.0,0.0,0.0,0.0,0.0,0.0,0.0,0.0,0.0,0.0,0.0,0.0,0.0,0.0,0.0,0.0,0.0,0.0,0.0,0.0,0.0,0.0,0.0,0.0,0.0,0.0,0.0,0.0
5.0,23.0,0.0,0.0,0.0,0.0,0.0,0.0,0.0,0.0,0.0,0.0,0.0,0.0,0.0,0.0,0.0,0.0,0.0,0.0,0.0,0.0,0.0,0.0,0.0,0.0,0.0,0.0,0.0
5.0,24.0,0.0,0.0,0.0,0.0,0.0,0.0,0.0,0.0,0.0,0.0,0.0,0.0,0.0,0.0,0.0,0.0,0.0,0.0,0.0,0.0,0.0,0.0,0.0,0.0,0.0,0.0,0.0
5.0,25.0,0.0,0.0,0.0,0.0,0.0,0.0,0.0,0.0,0.0,0.0,0.0,0.0,0.0,0.0,0.0,0.0,0.0,0.0,0.0,0.0,0.0,0.0,0.0,0.0,0.0,0.0,0.0
6.0,0.0,0.0,0.009759929,3.147853E-4,4.050952,8.125671,2.3561127E-4,0.8051528,1.4543418,2.382863,0.6892561,0.01661382,0.005035701,0.023920707,0.25871268,0.0,0.0,0.0,0.0,0.0,0.012729359,0.36855137,22.192091,0.0,0.0,0.0,0.0,0.0
6.0,1.0,0.0,0.056707248,2.0998182,35.791805,45.859768,0.0043649436,4.135515,5.984408,11.261864,12.519783,0.040040143,0.011653335,0.32282883,0.90743035,0.0,0.0,0.0,0.0,0.0,0.0,0.6736126,76.52503,0.0,0.0,0.0,0.0,0.0
6.0,2.0,7.1622924E-7,0.007000015,0.64201695,64.17233,48.00989,0.0020682376,3.3297973,7.75192,3.9909937,26.111025,0.16467065,0.005589576,0.109924056,4.483496,0.0,0.0,0.0,0.0,0.0,0.0,0.47568712,61.65641,0.0,0.0,0.0,0.0,0.0
6.0,3.0,0.042074252,0.040168233,0.83059746,67.4645,47.58705,0.0015830571,0.9363683,6.858433,4.190331,19.785046,0.3069573,0.18517305,0.11241483,3.0004919,0.0,0.0,0.0,0.0,0.0,0.0,0.34458467,35.725647,0.0,0.0,0.0,0.0,0.0
6.0,4.0,2.9502637E-4,0.0011278727,0.16017461,33.923443,25.468801,7.0174974E-5,1.0582842,0.09803083,0.4977786,6.256155,0.10050997,0.11822174,0.086092345,0.9057163,0.0,0.0,0.0,0.0,0.0,0.0,0.18478233,11.635856,0.0,0.0,0.0,0.0,0.0
6.0,5.0,0.21038055,4.937851E-4,0.38948342,83.50534,56.018158,3.4248145E-4,1.60681,4.894469,9.908569,28.75904,0.64374197,10.138055,1.45341,7.9804688,0.0,0.0,0.0,0.0,0.0,0.0,0.14477295,42.707386,0.0,0.0,0.0,0.0,0.0
6.0,6.0,0.078636065,0.065861136,0.85827893,85.12954,68.66368,0.0028425946,2.2456148,5.1226134,2.1163368,38.15441,0.39433473,6.415079,1.8572061,8.980653,0.0,0.0,0.0,0.0,0.0,0.0,0.19589373,33.597076,0.0,0.0,0.0,0.0,0.0
6.0,7.0,0.019659255,0.0025244497,0.0899075,8.428021,6.6954675,2.595032E-4,0.25852707,0.36246958,0.23495628,3.3873408,0.11522839,0.27055344,0.13638872,0.81158286,0.0,0.0,0.0,0.0,0.0,0.0,0.04690906,3.9813921,0.0,0.0,0.0,0.0,0.0
6.0,8.0,4.1120665E-4,6.13236E-4,0.029990153,1.3354498,0.8853465,1.688996E-5,0.06169482,0.060477912,0.04437674,0.37732917,0.0037686836,0.072566524,0.01680672,0.10991577,0.0,0.0,0.0,0.0,0.0,0.0,0.003327656,0.45544326,0.0,0.0,0.0,0.0,0.0
6.0,9.0,1.6353888E-4,3.3033502E-5,0.0027726192,0.19413304,0.16554615,1.6112155E-5,0.006261098,0.01239777,0.0033422404,0.046142552,4.835599E-4,0.017022427,0.0012256426,0.025881879,0.0,0.0,0.0,0.0,0.0,0.0,5.1966595E-4,0.09005538,0.0,0.0,0.0,0.0,0.0
6.0,10.0,4.4717235E-4,8.759081E-5,2.0819517E-4,0.08876243,0.06518608,3.369883E-7,0.0015469365,0.0027874366,0.007382508,0.031301826,0.0016977357,0.006322148,0.0023644138,0.00944265,0.0,0.0,0.0,0.0,0.0,0.0,5.859634E-4,0.046122987,0.0,0.0,0.0,0.0,0.0
6.0,11.0,2.1693372E-4,8.003222E-6,0.0011194535,0.07165884,0.044046465,2.3072391E-6,0.0015100962,0.003766809,0.0033782846,0.010991929,1.6980855E-4,0.006243418,0.0020278746,0.005299246,0.0,0.0,0.0,0.0,0.0,0.0,1.0051971E-4,0.032708835,0.0,0.0,0.0,0.0,0.0
6.0,12.0,4.0789903E-4,2.1327814E-6,2.6365693E-4,0.056955572,0.029148873,1.8267053E-6,0.0018177645,0.0034890682,0.0045937025,0.014753038,2.4693404E-4,0.004649791,6.621168E-4,0.0036279445,0.0,0.0,0.0,0.0,0.0,0.0,2.4708142E-4,0.01716222,0.0,0.0,0.0,0.0,0.0
6.0,13.0,7.732386E-6,2.7029396E-6,1.1234889E-4,0.032046597,0.028417777,6.606526E-7,2.4884994E-4,0.0011331763,0.0030367172,0.011592611,2.0271438E-4,0.0027077852,0.0015433996,0.0044866474,0.0,0.0,0.0,0.0,0.0,0.0,3.4503028E-4,0.01697236,0.0,0.0,0.0,0.0,0.0
6.0,14.0,1.653573E-4,2.2281994E-5,5.4611935E-4,0.024051473,0.019030612,1.0915582E-7,7.1830145E-4,0.0011197423,0.0024404493,0.013233899,6.0450086E-5,0.0031444924,5.7516136E-4,0.002282937,0.0,0.0,0.0,0.0,0.0,0.0,1.7463499E-4,0.013927234,0.0,0.0,0.0,0.0,0.0
6.0,15.0,3.1779023E-6,1.4544885E-5,3.0350027E-4,0.024168938,0.022616828,7.782579E-7,3.0713005E-4,0.0015192819,0.0025873166,0.0051079756,3.2621453E-4,0.0022589732,6.32419E-4,0.0019634052,0.0,0.0,0.0,0.0,0.0,0.0,7.463751E-5,0.0116249425,0.0,0.0,0.0,0.0,0.0
6.0,16.0,8.173831E-6,1.5281048E-6,7.7910656E-5,0.021254253,0.017198974,1.2097519E-7,5.772427E-4,9.44327E-4,0.0018805669,0.0067008175,4.953125E-5,0.0032697169,7.531769E-4,0.0018101326,0.0,0.0,0.0,0.0,0.0,0.0,1.0269993E-4,0.009748008,0.0,0.0,0.0,0.0,0.0
6.0,17.0,0.0,0.0,0.0,0.0,0.0,0.0,0.0,0.0,0.0,0.0,0.0,0.0,0.0,0.0,0.0,0.0,0.0,0.0,0.0,0.0,0.0,0.0,0.0,0.0,0.0,0.0,0.0
6.0,18.0,0.0,0.0,0.0,0.0,0.0,0.0,0.0,0.0,0.0,0.0,0.0,0.0,0.0,0.0,0.0,0.0,0.0,0.0,0.0,0.0,0.0,0.0,0.0,0.0,0.0,0.0,0.0
6.0,19.0,0.0,0.0,0.0,0.0,0.0,0.0,0.0,0.0,0.0,0.0,0.0,0.0,0.0,0.0,0.0,0.0,0.0,0.0,0.0,0.0,0.0,0.0,0.0,0.0,0.0,0.0,0.0
6.0,20.0,0.0,0.0,0.0,0.0,0.0,0.0,0.0,0.0,0.0,0.0,0.0,0.0,0.0,0.0,0.0,0.0,0.0,0.0,0.0,0.0,0.0,0.0,0.0,0.0,0.0,0.0,0.0
6.0,21.0,0.0,0.0,0.0,0.0,0.0,0.0,0.0,0.0,0.0,0.0,0.0,0.0,0.0,0.0,0.0,0.0,0.0,0.0,0.0,0.0,0.0,0.0,0.0,0.0,0.0,0.0,0.0
6.0,22.0,0.0,0.0,0.0,0.0,0.0,0.0,0.0,0.0,0.0,0.0,0.0,0.0,0.0,0.0,0.0,0.0,0.0,0.0,0.0,0.0,0.0,0.0,0.0,0.0,0.0,0.0,0.0
6.0,23.0,0.0,0.0,0.0,0.0,0.0,0.0,0.0,0.0,0.0,0.0,0.0,0.0,0.0,0.0,0.0,0.0,0.0,0.0,0.0,0.0,0.0,0.0,0.0,0.0,0.0,0.0,0.0
6.0,24.0,0.0,0.0,0.0,0.0,0.0,0.0,0.0,0.0,0.0,0.0,0.0,0.0,0.0,0.0,0.0,0.0,0.0,0.0,0.0,0.0,0.0,0.0,0.0,0.0,0.0,0.0,0.0
6.0,25.0,0.0,0.0,0.0,0.0,0.0,0.0,0.0,0.0,0.0,0.0,0.0,0.0,0.0,0.0,0.0,0.0,0.0,0.0,0.0,0.0,0.0,0.0,0.0,0.0,0.0,0.0,0.0
7.0,0.0,0.0,0.0031311212,0.03813623,14.6615925,18.166895,0.0010010592,0.18173395,1.6730914,16.465893,0.41834038,0.0032914896,0.43571803,0.013811832,1.6716255,0.0,0.0,0.0,0.0,0.0,0.014071255,0.60852104,51.99266,0.0,0.0,0.0,0.0,0.0
7.0,1.0,1.4837323E-7,0.09477114,0.48323736,105.98434,61.58256,0.006636332,0.33378616,11.579961,6.107325,42.142838,0.08634333,0.16178262,0.6483108,0.59134895,0.0,0.0,0.0,0.0,0.0,0.0,1.3168364,94.85463,0.0,0.0,0.0,0.0,0.0
7.0,2.0,4.8227994E-5,0.016025942,0.070685394,47.62275,43.638447,0.009047359,0.92292404,3.059023,8.221326,16.406929,0.20726466,0.089226976,0.015409229,1.6699944,0.0,0.0,0.0,0.0,0.0,0.0,0.37073353,47.429527,0.0,0.0,0.0,0.0,0.0
7.0,3.0,0.10925833,0.0018228082,0.18033062,52.88905,36.46141,0.00278425,0.6592095,4.932227,6.246706,31.283518,0.14989358,0.13136145,0.34658003,0.76759326,0.0,0.0,0.0,0.0,0.0,0.0,0.40525696,31.832487,0.0,0.0,0.0,0.0,0.0
7.0,4.0,0.0015438944,0.022886692,0.034305528,52.856995,25.81123,5.9312E-4,0.15562357,7.840144,3.167,14.32299,0.02270269,0.4831138,0.102201305,0.7230146,0.0,0.0,0.0,0.0,0.0,0.0,0.20142265,22.565836,0.0,0.0,0.0,0.0,0.0
7.0,5.0,2.419876E-4,0.0031621207,0.26443282,10.178601,17.025503,1.561957E-5,1.0416027,0.43371922,0.29775196,7.406321,0.4027156,1.7325506,0.08616745,0.79714066,0.0,0.0,0.0,0.0,0.0,0.0,0.110927716,12.604683,0.0,0.0,0.0,0.0,0.0
7.0,6.0,0.2267204,7.877731E-4,0.34589538,51.04554,31.946144,6.508557E-4,0.20831609,4.394358,5.0601807,12.253219,0.6080043,6.5300846,1.643672,3.7223418,0.0,0.0,0.0,0.0,0.0,0.0,0.062261127,22.96045,0.0,0.0,0.0,0.0,0.0
7.0,7.0,0.046099074,0.037254825,0.7323753,54.97101,41.415516,9.3432935E-4,0.44923502,2.2447295,0.9610058,20.646875,0.18670027,3.082788,1.2215489,3.4836853,0.0,0.0,0.0,0.0,0.0,0.0,0.08549675,20.885937,0.0,0.0,0.0,0.0,0.0
7.0,8.0,0.0010038352,0.0014903235,0.059503008,5.2535586,3.859343,3.3373985E-4,0.03322282,0.16980383,0.15139675,1.7450297,0.03217155,0.12632918,0.13053855,0.33677518,0.0,0.0,0.0,0.0,0.0,0.0,0.017207045,2.4783258,0.0,0.0,0.0,0.0,0.0
7.0,9.0,1.5993541E-4,0.0020018541,0.0068239467,0.7142114,0.55553424,1.3256699E-5,0.007667264,0.03219694,0.0120706,0.19374356,3.1488691E-4,0.037987966,0.013589132,0.039881743,0.0,0.0,0.0,0.0,0.0,0.0,0.002788587,0.34179282,0.0,0.0,0.0,0.0,0.0
7.0,10.0,5.2051764E-5,4.8948496E-5,0.0011474628,0.13060339,0.07113417,6.35159E-7,7.334625E-4,0.004491889,0.0040803785,0.028469967,3.6036051E-4,0.0073731286,0.0020536117,0.005670129,0.0,0.0,0.0,0.0,0.0,0.0,7.994419E-4,0.052483488,0.0,0.0,0.0,0.0,0.0
7.0,11.0,3.524237E-5,1.6936978E-5,2.2241451E-4,0.04375849,0.034964968,1.0068098E-5,1.2119974E-4,0.0022845461,0.0028850448,0.021186678,2.0195494E-4,0.0041947993,0.0015988032,0.0048833606,0.0,0.0,0.0,0.0,0.0,0.0,1.01318976E-4,0.027420528,0.0,0.0,0.0,0.0,0.0
7.0,12.0,1.2755151E-4,1.2860266E-5,6.187592E-4,0.032324255,0.02196847,2.9901444E-6,1.5892394E-4,0.0013823636,0.0018824808,0.009223489,3.083633E-4,0.0031812328,0.001173634,0.0021546443,0.0,0.0,0.0,0.0,0.0,0.0,2.0270703E-4,0.023065072,0.0,0.0,0.0,0.0,0.0
7.0,13.0,7.291445E-5,4.69688E-6,7.9411475E-5,0.02774141,0.018703148,4.444449E-7,3.0033133E-4,0.0012992568,0.0015829722,0.00992671,2.0742654E-4,0.0017339595,3.6047192E-4,7.011241E-4,0.0,0.0,0.0,0.0,0.0,0.0,1.3352682E-4,0.009986221,0.0,0.0,0.0,0.0,0.0
7.0,14.0,1.2863908E-5,5.6139365E-6,1.8476337E-4,0.020497344,0.012978921,1.0231605E-7,3.706074E-5,8.7501446E-4,0.0010531307,0.007767798,1.037489E-4,8.046392E-4,5.560892E-4,0.0011303067,0.0,0.0,0.0,0.0,0.0,0.0,8.103286E-5,0.008016191,0.0,0.0,0.0,0.0,0.0
7.0,15.0,3.492896E-5,5.531957E-6,1.4620948E-4,0.0146474065,0.010759803,5.4333015E-7,3.5995698E-5,0.0012450941,8.448215E-4,0.00355017,2.1388322E-4,0.0010573999,3.783467E-4,0.001486993,0.0,0.0,0.0,0.0,0.0,0.0,5.9216047E-5,0.008454614,0.0,0.0,0.0,0.0,0.0
7.0,16.0,1.5623069E-5,4.691119E-5,2.062619E-4,0.014482681,0.010138762,1.1036662E-7,2.9872881E-5,0.0011679857,5.2370393E-4,0.0036498536,9.417443E-5,6.079092E-4,3.075302E-5,0.0011202914,0.0,0.0,0.0,0.0,0.0,0.0,7.263211E-5,0.006217868,0.0,0.0,0.0,0.0,0.0
7.0,17.0,0.0,0.0,0.0,0.0,0.0,0.0,0.0,0.0,0.0,0.0,0.0,0.0,0.0,0.0,0.0,0.0,0.0,0.0,0.0,0.0,0.0,0.0,0.0,0.0,0.0,0.0,0.0
7.0,18.0,0.0,0.0,0.0,0.0,0.0,0.0,0.0,0.0,0.0,0.0,0.0,0.0,0.0,0.0,0.0,0.0,0.0,0.0,0.0,0.0,0.0,0.0,0.0,0.0,0.0,0.0,0.0
7.0,19.0,0.0,0.0,0.0,0.0,0.0,0.0,0.0,0.0,0.0,0.0,0.0,0.0,0.0,0.0,0.0,0.0,0.0,0.0,0.0,0.0,0.0,0.0,0.0,0.0,0.0,0.0,0.0
7.0,20.0,0.0,0.0,0.0,0.0,0.0,0.0,0.0,0.0,0.0,0.0,0.0,0.0,0.0,0.0,0.0,0.0,0.0,0.0,0.0,0.0,0.0,0.0,0.0,0.0,0.0,0.0,0.0
7.0,21.0,0.0,0.0,0.0,0.0,0.0,0.0,0.0,0.0,0.0,0.0,0.0,0.0,0.0,0.0,0.0,0.0,0.0,0.0,0.0,0.0,0.0,0.0,0.0,0.0,0.0,0.0,0.0
7.0,22.0,0.0,0.0,0.0,0.0,0.0,0.0,0.0,0.0,0.0,0.0,0.0,0.0,0.0,0.0,0.0,0.0,0.0,0.0,0.0,0.0,0.0,0.0,0.0,0.0,0.0,0.0,0.0
7.0,23.0,0.0,0.0,0.0,0.0,0.0,0.0,0.0,0.0,0.0,0.0,0.0,0.0,0.0,0.0,0.0,0.0,0.0,0.0,0.0,0.0,0.0,0.0,0.0,0.0,0.0,0.0,0.0
7.0,24.0,0.0,0.0,0.0,0.0,0.0,0.0,0.0,0.0,0.0,0.0,0.0,0.0,0.0,0.0,0.0,0.0,0.0,0.0,0.0,0.0,0.0,0.0,0.0,0.0,0.0,0.0,0.0
7.0,25.0,0.0,0.0,0.0,0.0,0.0,0.0,0.0,0.0,0.0,0.0,0.0,0.0,0.0,0.0,0.0,0.0,0.0,0.0,0.0,0.0,0.0,0.0,0.0,0.0,0.0,0.0,0.0
8.0,0.0,0.0,0.047634196,0.0077610123,9.691589,17.367752,9.92244E-5,0.25846833,3.4110465,2.8085356,0.21922465,0.011346043,0.023393823,0.17568247,2.1525598,0.0,0.0,0.0,0.0,0.0,0.016552404,0.92163616,39.340153,0.0,0.0,0.0,0.0,0.0
8.0,1.0,1.3697562E-4,0.065897755,0.031143257,122.44451,60.46519,0.0040468955,1.0219162,14.333295,6.3212695,66.41396,0.8373004,0.14780332,0.41243702,8.498554,0.0,0.0,0.0,0.0,0.0,0.0,0.7910754,92.8322,0.0,0.0,0.0,0.0,0.0
8.0,2.0,0.009917472,0.09513632,0.19961761,88.4505,83.80348,2.8944155E-4,0.8467441,4.1673126,6.4220715,47.51475,0.027328739,0.6308388,0.6100545,6.566786,0.0,0.0,0.0,0.0,0.0,0.0,0.735451,64.28671,0.0,0.0,0.0,0.0,0.0
8.0,3.0,0.045874637,0.11343296,0.047866683,44.258617,22.4209,4.241933E-4,0.54464453,4.3847055,10.092817,8.941033,0.062009376,0.0941915,0.563186,2.7643309,0.0,0.0,0.0,0.0,0.0,0.0,0.3237697,36.74363,0.0,0.0,0.0,0.0,0.0
8.0,4.0,2.2308259E-4,0.028736642,0.34970742,41.42569,24.954351,1.8908683E-4,0.23335087,0.9226084,3.3550823,15.58632,0.055330142,0.17089832,0.096298926,3.422911,0.0,0.0,0.0,0.0,0.0,0.0,0.19545324,24.075903,0.0,0.0,0.0,0.0,0.0
8.0,5.0,0.0036488941,0.049159814,0.1144635,26.225046,23.740072,0.0024730675,0.0719918,2.004324,4.7873874,6.3634734,0.042132363,1.358966,0.15341766,2.638312,0.0,0.0,0.0,0.0,0.0,0.0,0.08209565,16.162004,0.0,0.0,0.0,0.0,0.0
8.0,6.0,0.013675113,0.018633608,0.06173517,13.595947,6.230251,8.400799E-5,0.081200205,0.10632133,0.10937666,5.6837544,0.13521686,0.025701495,1.2088659,0.33818296,0.0,0.0,0.0,0.0,0.0,0.0,0.025152508,6.034982,0.0,0.0,0.0,0.0,0.0
8.0,7.0,0.15274793,5.711755E-4,0.2088206,32.366077,19.101858,4.0631634E-4,0.16858625,1.9830594,4.8338284,6.742327,0.3565558,1.6773337,1.3916231,2.014934,0.0,0.0,0.0,0.0,0.0,0.0,0.014938596,14.045357,0.0,0.0,0.0,0.0,0.0
8.0,8.0,0.040999018,0.02953402,0.43669114,32.899208,22.21573,6.8624626E-4,0.26974216,1.581424,0.7599062,13.112409,0.10661189,1.2662151,0.7514332,3.028159,0.0,0.0,0.0,0.0,0.0,0.0,0.024983844,11.271796,0.0,0.0,0.0,0.0,0.0
8.0,9.0,0.0070566884,0.0054223207,0.020266203,3.142863,2.1997943,2.1106905E-5,0.026611682,0.15457854,0.07461414,0.8847525,0.010800597,0.085906066,0.029194051,0.42584544,0.0,0.0,0.0,0.0,0.0,0.0,0.008785143,1.2519945,0.0,0.0,0.0,0.0,0.0
8.0,10.0,0.0023702185,1.6565558E-4,0.0041460264,0.3750594,0.2766513,2.4772432E-6,0.00583617,0.019639848,0.008469295,0.1950289,0.0030823185,0.010583746,0.0015693755,0.026678156,0.0,0.0,0.0,0.0,0.0,0.0,0.0014153356,0.17673029,0.0,0.0,0.0,0.0,0.0
8.0,11.0,3.2335993E-5,3.2399452E-4,7.6533045E-4,0.0686896,0.03353858,1.7895228E-6,6.120688E-4,0.0024415855,0.002213821,0.018968519,1.0695317E-4,0.0021507018,0.0019378157,0.0067058224,0.0,0.0,0.0,0.0,0.0,0.0,4.1220261E-4,0.03533418,0.0,0.0,0.0,0.0,0.0
8.0,12.0,9.213353E-5,8.50929E-5,1.048484E-4,0.031722628,0.015962975,1.9926617E-7,6.420854E-4,6.5284286E-4,0.0015817609,0.009464154,7.694183E-5,0.0017093149,6.6731067E-4,0.0029319949,0.0,0.0,0.0,0.0,0.0,0.0,1.3804041E-4,0.014202404,0.0,0.0,0.0,0.0,0.0
8.0,13.0,1.2798818E-4,1.651689E-5,1.410592E-4,0.017843662,0.013621095,2.1031404E-7,2.914303E-4,8.6101575E-4,0.0012729375,0.007977108,3.53925E-5,6.52861E-4,3.1404976E-5,0.001043111,0.0,0.0,0.0,0.0,0.0,0.0,9.168068E-5,0.00989203,0.0,0.0,0.0,0.0,0.0
8.0,14.0,2.532046E-4,2.2383078E-5,8.354433E-5,0.014031263,0.008702801,2.1351396E-7,8.640424E-5,7.45716E-4,0.0014813716,0.0052808286,3.0514238E-6,0.0012592096,1.9132449E-4,0.0010248483,0.0,0.0,0.0,0.0,0.0,0.0,6.191851E-5,0.0070403754,0.0,0.0,0.0,0.0,0.0
8.0,15.0,3.116815E-5,3.1388296E-5,2.3989112E-5,0.010983713,0.006884971,1.1602542E-6,4.5306566E-5,7.779918E-4,4.8441967E-4,0.0028822627,3.764514E-5,4.1617124E-4,4.5269454E-4,6.378067E-4,0.0,0.0,0.0,0.0,0.0,0.0,2.299068E-5,0.005888675,0.0,0.0,0.0,0.0,0.0
8.0,16.0,4.5884448E-5,1.0079051E-6,8.3606305E-5,0.0072704456,0.0056376737,2.575537E-7,3.7076567E-5,5.426626E-4,7.126678E-4,0.0024243766,2.7128335E-5,3.704623E-4,1.4176682E-4,4.3780304E-4,0.0,0.0,0.0,0.0,0.0,0.0,7.304861E-5,0.00554882,0.0,0.0,0.0,0.0,0.0
8.0,17.0,0.0,0.0,0.0,0.0,0.0,0.0,0.0,0.0,0.0,0.0,0.0,0.0,0.0,0.0,0.0,0.0,0.0,0.0,0.0,0.0,0.0,0.0,0.0,0.0,0.0,0.0,0.0
8.0,18.0,0.0,0.0,0.0,0.0,0.0,0.0,0.0,0.0,0.0,0.0,0.0,0.0,0.0,0.0,0.0,0.0,0.0,0.0,0.0,0.0,0.0,0.0,0.0,0.0,0.0,0.0,0.0
8.0,19.0,0.0,0.0,0.0,0.0,0.0,0.0,0.0,0.0,0.0,0.0,0.0,0.0,0.0,0.0,0.0,0.0,0.0,0.0,0.0,0.0,0.0,0.0,0.0,0.0,0.0,0.0,0.0
8.0,20.0,0.0,0.0,0.0,0.0,0.0,0.0,0.0,0.0,0.0,0.0,0.0,0.0,0.0,0.0,0.0,0.0,0.0,0.0,0.0,0.0,0.0,0.0,0.0,0.0,0.0,0.0,0.0
8.0,21.0,0.0,0.0,0.0,0.0,0.0,0.0,0.0,0.0,0.0,0.0,0.0,0.0,0.0,0.0,0.0,0.0,0.0,0.0,0.0,0.0,0.0,0.0,0.0,0.0,0.0,0.0,0.0
8.0,22.0,0.0,0.0,0.0,0.0,0.0,0.0,0.0,0.0,0.0,0.0,0.0,0.0,0.0,0.0,0.0,0.0,0.0,0.0,0.0,0.0,0.0,0.0,0.0,0.0,0.0,0.0,0.0
8.0,23.0,0.0,0.0,0.0,0.0,0.0,0.0,0.0,0.0,0.0,0.0,0.0,0.0,0.0,0.0,0.0,0.0,0.0,0.0,0.0,0.0,0.0,0.0,0.0,0.0,0.0,0.0,0.0
8.0,24.0,0.0,0.0,0.0,0.0,0.0,0.0,0.0,0.0,0.0,0.0,0.0,0.0,0.0,0.0,0.0,0.0,0.0,0.0,0.0,0.0,0.0,0.0,0.0,0.0,0.0,0.0,0.0
8.0,25.0,0.0,0.0,0.0,0.0,0.0,0.0,0.0,0.0,0.0,0.0,0.0,0.0,0.0,0.0,0.0,0.0,0.0,0.0,0.0,0.0,0.0,0.0,0.0,0.0,0.0,0.0,0.0
9.0,0.0,0.0,1.4981838E-4,0.005258996,2.8186257,13.149761,5.5448624E-4,0.27819887,2.3436978,6.3822064,0.03699628,2.8533107E-4,0.13515936,5.479776E-4,2.2906334,0.0,0.0,0.0,0.0,0.0,0.014555134,0.53029144,30.560978,0.0,0.0,0.0,0.0,0.0
9.0,1.0,5.1307245E-7,0.016506035,0.114108935,99.83132,69.710014,0.0023682571,1.7065475,13.267408,15.485263,43.36523,0.74707013,0.6389733,0.12434875,9.605908,0.0,0.0,0.0,0.0,0.0,0.0,0.8975122,99.47552,0.0,0.0,0.0,0.0,0.0
9.0,2.0,0.052435,0.030905833,0.29243672,137.39221,67.442955,0.0016126276,0.18146718,6.6988726,9.811434,49.64947,0.053081293,0.09362685,0.34511676,9.953662,0.0,0.0,0.0,0.0,0.0,0.0,0.48989892,66.034134,0.0,0.0,0.0,0.0,0.0
9.0,3.0,0.15825808,0.016480451,0.18582654,75.39682,54.75798,1.9425299E-4,0.26880753,3.5544865,5.757276,47.231857,0.13907404,1.3264989,0.113685824,7.166284,0.0,0.0,0.0,0.0,0.0,0.0,0.5636995,43.58024,0.0,0.0,0.0,0.0,0.0
9.0,4.0,0.00932472,6.2508613E-4,0.23962694,30.908699,24.100971,5.602922E-4,0.53931767,1.8169156,3.7701805,17.130924,0.012329053,1.0289776,0.009376808,2.5044265,0.0,0.0,0.0,0.0,0.0,0.0,0.14497313,18.345243,0.0,0.0,0.0,0.0,0.0
9.0,5.0,0.01799043,0.004244165,0.07520824,18.93788,12.045403,0.0016878309,0.1585959,1.5687569,0.8065539,25.16766,0.01937712,0.9616254,0.034094285,2.9358811,0.0,0.0,0.0,0.0,0.0,0.0,0.1809222,16.012936,0.0,0.0,0.0,0.0,0.0
9.0,6.0,0.0133487275,0.0013706131,0.05470509,21.873064,13.347655,1.7188737E-5,0.15955637,1.091904,0.9422504,3.3835104,0.019245518,0.26385432,0.09358381,1.7201262,0.0,0.0,0.0,0.0,0.0,0.0,0.10075151,10.260079,0.0,0.0,0.0,0.0,0.0
9.0,7.0,0.005413069,0.0040591084,0.048524737,7.592229,7.051917,2.3113778E-6,0.00552398,0.1689686,0.097867124,2.0055308,0.04072788,0.1145909,0.014669808,0.26749486,0.0,0.0,0.0,0.0,0.0,0.0,0.068524405,4.431539,0.0,0.0,0.0,0.0,0.0
9.0,8.0,0.051661417,7.3228104E-5,0.13515419,17.409218,11.752667,0.001311249,0.11466203,1.2254537,1.4601012,5.8561306,0.13319422,0.88309085,0.43028983,2.127386,0.0,0.0,0.0,0.0,0.0,0.0,0.020097412,8.131811,0.0,0.0,0.0,0.0,0.0
9.0,9.0,0.012153213,0.0048469384,0.22533566,18.943895,13.765046,2.1028693E-4,0.08627818,0.8442075,0.42378122,8.087908,0.048978038,1.144884,0.23660535,2.4503515,0.0,0.0,0.0,0.0,0.0,0.0,0.041901033,6.8588805,0.0,0.0,0.0,0.0,0.0
9.0,10.0,0.0030299695,5.656675E-4,0.017800365,1.8819182,1.2279425,2.8397935E-5,0.013760271,0.0676042,0.044862624,0.74194837,0.010064404,0.037062883,0.0037069048,0.19481127,0.0,0.0,0.0,0.0,0.0,0.0,0.013459879,0.72449994,0.0,0.0,0.0,0.0,0.0
9.0,11.0,0.0017453098,1.0113877E-5,8.7802525E-4,0.2053434,0.16838314,1.669567E-6,0.0022329,0.013895766,0.0036713872,0.085784175,0.0010485975,0.011970052,0.0013574257,0.02056268,0.0,0.0,0.0,0.0,0.0,0.0,0.0028418815,0.1369621,0.0,0.0,0.0,0.0,0.0
9.0,12.0,5.591502E-5,1.4778303E-5,2.8369675E-4,0.030641457,0.02670755,1.7754944E-6,3.5244372E-4,0.0015226947,0.0010310806,0.01004502,1.3011595E-4,0.002382617,2.3429513E-4,0.00664252,0.0,0.0,0.0,0.0,0.0,0.0,8.406069E-4,0.01960793,0.0,0.0,0.0,0.0,0.0
9.0,13.0,1.5392898E-4,5.0293896E-5,6.943424E-5,0.015048431,0.010731081,1.6114743E-7,2.6340355E-4,8.2321727E-4,8.7056943E-4,0.005908586,8.209281E-5,6.531949E-4,4.8075723E-5,0.003022561,0.0,0.0,0.0,0.0,0.0,0.0,8.387301E-5,0.008067334,0.0,0.0,0.0,0.0,0.0
9.0,14.0,4.0517543E-6,4.0908904E-5,1.0777664E-4,0.010826631,0.007310763,8.441836E-8,4.8994007E-5,9.5528533E-4,5.286413E-4,0.0039306646,7.445558E-5,4.9673824E-4,8.438631E-5,7.97324E-4,0.0,0.0,0.0,0.0,0.0,0.0,9.3495204E-5,0.0054415576,0.0,0.0,0.0,0.0,0.0
9.0,15.0,3.1189906E-5,1.6173652E-5,1.2208978E-4,0.008341279,0.00501651,1.4261455E-7,7.400653E-5,1.7075302E-4,3.772631E-4,0.0030254137,9.641938E-6,8.5511245E-5,4.9295708E-5,8.536795E-4,0.0,0.0,0.0,0.0,0.0,0.0,7.768122E-5,0.0043613706,0.0,0.0,0.0,0.0,0.0
9.0,16.0,1.4355508E-5,2.4213048E-7,1.825222E-5,0.0054992815,0.003751921,1.8117052E-7,2.5208587E-5,3.7716146E-4,4.8051515E-4,0.0022146213,5.360873E-5,1.2386955E-4,4.1385232E-5,7.696901E-4,0.0,0.0,0.0,0.0,0.0,0.0,3.679983E-5,0.003308975,0.0,0.0,0.0,0.0,0.0
9.0,17.0,0.0,0.0,0.0,0.0,0.0,0.0,0.0,0.0,0.0,0.0,0.0,0.0,0.0,0.0,0.0,0.0,0.0,0.0,0.0,0.0,0.0,0.0,0.0,0.0,0.0,0.0,0.0
9.0,18.0,0.0,0.0,0.0,0.0,0.0,0.0,0.0,0.0,0.0,0.0,0.0,0.0,0.0,0.0,0.0,0.0,0.0,0.0,0.0,0.0,0.0,0.0,0.0,0.0,0.0,0.0,0.0
9.0,19.0,0.0,0.0,0.0,0.0,0.0,0.0,0.0,0.0,0.0,0.0,0.0,0.0,0.0,0.0,0.0,0.0,0.0,0.0,0.0,0.0,0.0,0.0,0.0,0.0,0.0,0.0,0.0
9.0,20.0,0.0,0.0,0.0,0.0,0.0,0.0,0.0,0.0,0.0,0.0,0.0,0.0,0.0,0.0,0.0,0.0,0.0,0.0,0.0,0.0,0.0,0.0,0.0,0.0,0.0,0.0,0.0
9.0,21.0,0.0,0.0,0.0,0.0,0.0,0.0,0.0,0.0,0.0,0.0,0.0,0.0,0.0,0.0,0.0,0.0,0.0,0.0,0.0,0.0,0.0,0.0,0.0,0.0,0.0,0.0,0.0
9.0,22.0,0.0,0.0,0.0,0.0,0.0,0.0,0.0,0.0,0.0,0.0,0.0,0.0,0.0,0.0,0.0,0.0,0.0,0.0,0.0,0.0,0.0,0.0,0.0,0.0,0.0,0.0,0.0
9.0,23.0,0.0,0.0,0.0,0.0,0.0,0.0,0.0,0.0,0.0,0.0,0.0,0.0,0.0,0.0,0.0,0.0,0.0,0.0,0.0,0.0,0.0,0.0,0.0,0.0,0.0,0.0,0.0
9.0,24.0,0.0,0.0,0.0,0.0,0.0,0.0,0.0,0.0,0.0,0.0,0.0,0.0,0.0,0.0,0.0,0.0,0.0,0.0,0.0,0.0,0.0,0.0,0.0,0.0,0.0,0.0,0.0
9.0,25.0,0.0,0.0,0.0,0.0,0.0,0.0,0.0,0.0,0.0,0.0,0.0,0.0,0.0,0.0,0.0,0.0,0.0,0.0,0.0,0.0,0.0,0.0,0.0,0.0,0.0,0.0,0.0
10.0,0.0,0.0,0.0019108022,0.17893498,9.283385,4.8959165,8.8339054E-4,0.07162866,0.4052342,1.445755,0.7047643,0.004266573,0.10969456,7.248288E-4,7.7956643,0.0,0.0,0.0,0.0,0.0,0.021555448,0.36750585,24.570087,0.0,0.0,0.0,0.0,0.0
10.0,1.0,0.001348982,0.008266605,0.38303423,55.98892,45.61926,7.921348E-4,0.15434489,4.4536314,10.448003,23.682703,0.015293063,2.6646879,0.13166645,11.423179,0.0,0.0,0.0,0.0,0.0,0.0,0.53185225,49.303417,0.0,0.0,0.0,0.0,0.0
10.0,2.0,0.004899648,0.16241398,0.43216318,84.79616,54.515057,0.0010443921,0.3592979,7.6683774,12.08002,54.789898,0.6366254,3.28363,0.38291082,22.27431,0.0,0.0,0.0,0.0,0.0,0.0,0.8833198,88.90503,0.0,0.0,0.0,0.0,0.0
10.0,3.0,0.0054735555,0.0750443,0.33283275,91.89295,46.369263,4.4698868E-4,0.5131325,2.7943933,5.9621115,51.603466,0.044849828,1.2551225,1.9083076,17.363344,0.0,0.0,0.0,0.0,0.0,0.0,0.37348917,58.308784,0.0,0.0,0.0,0.0,0.0
10.0,4.0,0.07511127,0.0075459816,0.19496426,51.861446,40.43655,8.496817E-5,1.1670529,2.2603676,4.204151,35.062252,2.1804955,2.9412105,0.047027864,7.1715417,0.0,0.0,0.0,0.0,0.0,0.0,0.2118613,35.08341,0.0,0.0,0.0,0.0,0.0
10.0,5.0,0.03461933,0.0029374028,0.09921905,15.351467,19.377525,1.3608157E-4,0.085726954,1.0359051,3.9012291,6.2378206,0.11880528,1.5988169,0.08720944,7.913931,0.0,0.0,0.0,0.0,0.0,0.0,0.053755216,12.566724,0.0,0.0,0.0,0.0,0.0
10.0,6.0,0.001162152,0.042666953,0.024649465,19.808737,10.8613615,1.3534246E-4,0.15843204,0.36507714,0.9172938,6.897541,0.039776623,0.6000623,0.048488252,3.4554672,0.0,0.0,0.0,0.0,0.0,0.0,0.054333944,8.4941225,0.0,0.0,0.0,0.0,0.0
10.0,7.0,0.02501692,0.0043248767,0.119661905,12.3940735,7.5177464,1.8183126E-4,0.040835924,0.14995803,1.7165369,6.380231,0.14957945,0.2443839,0.0023161075,1.638576,0.0,0.0,0.0,0.0,0.0,0.0,0.026382595,4.0166874,0.0,0.0,0.0,0.0,0.0
10.0,8.0,6.5182114E-4,0.0010226133,0.09279152,3.900229,3.6172273,4.6053307E-7,0.05236622,0.033125654,5.085697E-4,1.7212808,0.03517949,0.2266156,0.07356499,1.5577881,0.0,0.0,0.0,0.0,0.0,0.0,0.024657201,2.2611914,0.0,0.0,0.0,0.0,0.0
10.0,9.0,0.023598794,0.0013345643,0.07679079,10.549567,6.9618006,1.1931293E-4,0.031967055,0.51677084,1.3920925,4.0176964,0.030994184,0.7010763,0.20242949,1.7935177,0.0,0.0,0.0,0.0,0.0,0.0,0.0055558677,4.239991,0.0,0.0,0.0,0.0,0.0
10.0,10.0,0.015485873,0.0064079342,0.14758357,10.549949,8.291831,5.7893412E-5,0.11653988,0.34066954,0.32960707,5.7386756,0.035702057,0.63009435,0.20601767,1.7512244,0.0,0.0,0.0,0.0,0.0,0.0,0.013029336,3.5848036,0.0,0.0,0.0,0.0,0.0
10.0,11.0,2.3897494E-4,6.5415225E-4,0.012413002,1.0734471,0.6626973,4.1695616E-6,0.0071056276,0.025801243,0.026013589,0.48576057,0.006557175,0.054203488,0.010275802,0.14978556,0.0,0.0,0.0,0.0,0.0,0.0,0.0056000124,0.43202934,0.0,0.0,0.0,0.0,0.0
10.0,12.0,5.0660477E-5,1.6123815E-5,0.0014959944,0.13604029,0.09403475,3.5244256E-7,0.0017862661,0.0034439354,0.0029437032,0.06141312,4.159227E-4,0.010310762,9.454766E-5,0.02227306,0.0,0.0,0.0,0.0,0.0,0.0,0.0012943841,0.050515536,0.0,0.0,0.0,0.0,0.0
10.0,13.0,4.429898E-6,3.2118203E-6,1.6878E-4,0.017504562,0.014094219,2.282866E-7,1.7242583E-4,5.2956823E-4,0.001338953,0.0079769185,4.295366E-5,0.0012387359,2.7991887E-4,0.0074747256,0.0,0.0,0.0,0.0,0.0,0.0,9.6057025E-5,0.008164312,0.0,0.0,0.0,0.0,0.0
10.0,14.0,1.17814525E-5,9.478205E-6,3.7588892E-5,0.009777857,0.0052849567,5.5342984E-8,5.410507E-5,5.4566324E-4,4.659965E-4,0.0034638408,1.7909713E-5,7.9896546E-4,1.2918434E-4,0.001975327,0.0,0.0,0.0,0.0,0.0,0.0,8.0003534E-5,0.0039672046,0.0,0.0,0.0,0.0,0.0
10.0,15.0,7.942401E-7,1.0266161E-6,7.493473E-5,0.006887627,0.0038144484,4.235312E-5,1.3227307E-5,9.97592E-5,4.8747886E-4,0.0018273039,2.2732549E-5,2.4788687E-4,2.9753279E-5,0.0012142737,0.0,0.0,0.0,0.0,0.0,0.0,8.030548E-5,0.0029254032,0.0,0.0,0.0,0.0,0.0
10.0,16.0,3.1463148E-6,2.5995678E-6,4.3688324E-5,0.0041818866,0.0035531116,1.7452126E-7,1.7126982E-5,1.9701433E-4,4.047246E-4,0.0013603374,1.37409015E-5,1.3928238E-4,9.8974335E-5,8.565932E-4,0.0,0.0,0.0,0.0,0.0,0.0,6.122134E-5,0.0020672292,0.0,0.0,0.0,0.0,0.0
10.0,17.0,0.0,0.0,0.0,0.0,0.0,0.0,0.0,0.0,0.0,0.0,0.0,0.0,0.0,0.0,0.0,0.0,0.0,0.0,0.0,0.0,0.0,0.0,0.0,0.0,0.0,0.0,0.0
10.0,18.0,0.0,0.0,0.0,0.0,0.0,0.0,0.0,0.0,0.0,0.0,0.0,0.0,0.0,0.0,0.0,0.0,0.0,0.0,0.0,0.0,0.0,0.0,0.0,0.0,0.0,0.0,0.0
10.0,19.0,0.0,0.0,0.0,0.0,0.0,0.0,0.0,0.0,0.0,0.0,0.0,0.0,0.0,0.0,0.0,0.0,0.0,0.0,0.0,0.0,0.0,0.0,0.0,0.0,0.0,0.0,0.0
10.0,20.0,0.0,0.0,0.0,0.0,0.0,0.0,0.0,0.0,0.0,0.0,0.0,0.0,0.0,0.0,0.0,0.0,0.0,0.0,0.0,0.0,0.0,0.0,0.0,0.0,0.0,0.0,0.0
10.0,21.0,0.0,0.0,0.0,0.0,0.0,0.0,0.0,0.0,0.0,0.0,0.0,0.0,0.0,0.0,0.0,0.0,0.0,0.0,0.0,0.0,0.0,0.0,0.0,0.0,0.0,0.0,0.0
10.0,22.0,0.0,0.0,0.0,0.0,0.0,0.0,0.0,0.0,0.0,0.0,0.0,0.0,0.0,0.0,0.0,0.0,0.0,0.0,0.0,0.0,0.0,0.0,0.0,0.0,0.0,0.0,0.0
10.0,23.0,0.0,0.0,0.0,0.0,0.0,0.0,0.0,0.0,0.0,0.0,0.0,0.0,0.0,0.0,0.0,0.0,0.0,0.0,0.0,0.0,0.0,0.0,0.0,0.0,0.0,0.0,0.0
10.0,24.0,0.0,0.0,0.0,0.0,0.0,0.0,0.0,0.0,0.0,0.0,0.0,0.0,0.0,0.0,0.0,0.0,0.0,0.0,0.0,0.0,0.0,0.0,0.0,0.0,0.0,0.0,0.0
10.0,25.0,0.0,0.0,0.0,0.0,0.0,0.0,0.0,0.0,0.0,0.0,0.0,0.0,0.0,0.0,0.0,0.0,0.0,0.0,0.0,0.0,0.0,0.0,0.0,0.0,0.0,0.0,0.0
11.0,0.0,0.0,0.0020750083,0.011597495,4.5321975,30.609634,0.0018049831,0.75900173,1.2125034,5.708559,1.282972,0.0013843438,1.6962743,0.0045224666,0.43658948,0.0,0.0,0.0,0.0,0.0,0.02079139,0.8494352,50.25298,0.0,0.0,0.0,0.0,0.0
11.0,1.0,1.8119028E-5,0.07520988,0.19213754,100.38182,55.843796,0.025556767,1.2681508,3.5263598,5.9502945,68.31555,0.3308647,0.06265502,0.023499802,1.7221235,0.0,0.0,0.0,0.0,0.0,0.0,1.1415118,89.15968,0.0,0.0,0.0,0.0,0.0
11.0,2.0,0.005003506,3.58487E-4,0.050973076,63.40327,25.588701,1.3675015E-4,0.091422044,7.5034842,5.3273516,41.993347,0.40509087,3.6681745,0.037683092,2.5871358,0.0,0.0,0.0,0.0,0.0,0.0,0.22779676,42.31397,0.0,0.0,0.0,0.0,0.0
11.0,3.0,0.08825206,0.028184384,0.116985336,100.69437,48.97333,0.0011592146,2.246551,2.4802377,11.377962,50.613857,0.35775143,11.503099,0.3182523,8.684187,0.0,0.0,0.0,0.0,0.0,0.0,0.3479183,54.6593,0.0,0.0,0.0,0.0,0.0
11.0,4.0,0.09191084,0.033248663,0.9417596,72.99125,44.71171,5.518098E-4,0.14059842,5.407643,9.886427,41.2,0.26278266,7.928315,2.1953933,5.665834,0.0,0.0,0.0,0.0,0.0,0.0,0.13011009,28.662512,0.0,0.0,0.0,0.0,0.0
11.0,5.0,0.016791292,0.10721713,0.19416122,39.40359,33.29482,6.579381E-4,0.16988559,3.9538245,1.7888285,27.728374,0.03053779,4.9645853,0.69492865,6.587346,0.0,0.0,0.0,0.0,0.0,0.0,0.11434956,21.901964,0.0,0.0,0.0,0.0,0.0
11.0,6.0,0.032508254,0.033962715,0.29390895,16.487991,8.820109,6.6444895E-4,0.08422992,0.84211636,1.3165386,4.317903,0.20271072,1.4633428,0.42637733,2.8853385,0.0,0.0,0.0,0.0,0.0,0.0,0.060190156,8.7731695,0.0,0.0,0.0,0.0,0.0
11.0,7.0,0.002101822,0.0018445348,0.36831462,14.999101,4.813643,0.0016967775,0.09766917,0.50565356,0.52070445,6.203302,0.33985406,0.7527572,0.032180212,0.4621668,0.0,0.0,0.0,0.0,0.0,0.0,0.033130646,5.343703,0.0,0.0,0.0,0.0,0.0
11.0,8.0,0.0010521475,1.0613317E-4,0.014810144,8.479891,3.7512794,5.7889774E-6,0.2407067,0.677174,0.8156713,2.32854,0.100703955,0.76386565,0.013986702,0.49842718,0.0,0.0,0.0,0.0,0.0,0.0,0.08760024,4.420025,0.0,0.0,0.0,0.0,0.0
11.0,9.0,4.9505976E-4,1.19676355E-4,0.1365672,4.700169,1.4106919,1.8852203E-4,0.005948289,0.24575536,7.958251E-4,1.1247671,0.12649034,0.054952607,0.018355006,0.120565966,0.0,0.0,0.0,0.0,0.0,0.0,0.006387197,1.1922679,0.0,0.0,0.0,0.0,0.0
11.0,10.0,0.023169681,1.2368448E-4,0.10416633,6.703497,3.8499227,1.2380969E-4,0.028805448,0.46571353,0.6682004,2.4243455,0.08759185,0.65963113,0.08593582,0.92586625,0.0,0.0,0.0,0.0,0.0,0.0,0.0024372214,2.552826,0.0,0.0,0.0,0.0,0.0
11.0,11.0,0.0043073185,0.0064102476,0.19275296,7.41091,4.466468,1.8764827E-4,0.09030915,0.32049635,0.11897256,3.6074917,0.042987138,0.7148024,0.075175375,1.1670272,0.0,0.0,0.0,0.0,0.0,0.0,0.0051485384,2.5659494,0.0,0.0,0.0,0.0,0.0
11.0,12.0,0.0017232435,4.3578778E-4,0.015189093,0.63896674,0.41054812,2.5435578E-5,0.013599018,0.020942627,0.020001693,0.3115357,0.005337109,0.0613898,0.002352521,0.07277735,0.0,0.0,0.0,0.0,0.0,0.0,0.0044466397,0.32903796,0.0,0.0,0.0,0.0,0.0
11.0,13.0,1.7898728E-5,1.2261784E-6,0.0010782023,0.078146175,0.0647037,3.5964647E-6,2.8741863E-4,0.004995832,0.0013574542,0.040651254,4.511241E-4,0.0073395777,8.7543135E-4,0.007402827,0.0,0.0,0.0,0.0,0.0,0.0,7.22044E-4,0.040954802,0.0,0.0,0.0,0.0,0.0
11.0,14.0,6.515247E-5,4.7507897E-6,2.0987676E-4,0.012657164,0.0067608263,8.4769937E-7,1.3929806E-4,3.105364E-4,3.600747E-4,0.005119008,1.4539661E-4,0.0017078395,2.4761542E-4,0.0013016871,0.0,0.0,0.0,0.0,0.0,0.0,1.1940974E-4,0.008147467,0.0,0.0,0.0,0.0,0.0
11.0,15.0,3.2121618E-6,8.790945E-6,2.0260854E-4,0.005736399,0.0026353558,1.4685418E-7,3.3686945E-5,3.599947E-4,3.47867E-4,0.0027779557,6.812958E-5,2.7141516E-4,5.9687554E-5,5.912684E-4,0.0,0.0,0.0,0.0,0.0,0.0,1.26679715E-5,0.0034928895,0.0,0.0,0.0,0.0,0.0
11.0,16.0,8.7360695E-6,2.4165156E-6,3.5708694E-5,0.004300664,0.0020160894,1.875757E-7,5.2907188E-5,2.773826E-4,2.133473E-4,0.0010253465,1.8495737E-5,2.2075577E-4,1.9730081E-5,4.414564E-4,0.0,0.0,0.0,0.0,0.0,0.0,3.700114E-5,0.002271457,0.0,0.0,0.0,0.0,0.0
11.0,17.0,0.0,0.0,0.0,0.0,0.0,0.0,0.0,0.0,0.0,0.0,0.0,0.0,0.0,0.0,0.0,0.0,0.0,0.0,0.0,0.0,0.0,0.0,0.0,0.0,0.0,0.0,0.0
11.0,18.0,0.0,0.0,0.0,0.0,0.0,0.0,0.0,0.0,0.0,0.0,0.0,0.0,0.0,0.0,0.0,0.0,0.0,0.0,0.0,0.0,0.0,0.0,0.0,0.0,0.0,0.0,0.0
11.0,19.0,0.0,0.0,0.0,0.0,0.0,0.0,0.0,0.0,0.0,0.0,0.0,0.0,0.0,0.0,0.0,0.0,0.0,0.0,0.0,0.0,0.0,0.0,0.0,0.0,0.0,0.0,0.0
11.0,20.0,0.0,0.0,0.0,0.0,0.0,0.0,0.0,0.0,0.0,0.0,0.0,0.0,0.0,0.0,0.0,0.0,0.0,0.0,0.0,0.0,0.0,0.0,0.0,0.0,0.0,0.0,0.0
11.0,21.0,0.0,0.0,0.0,0.0,0.0,0.0,0.0,0.0,0.0,0.0,0.0,0.0,0.0,0.0,0.0,0.0,0.0,0.0,0.0,0.0,0.0,0.0,0.0,0.0,0.0,0.0,0.0
11.0,22.0,0.0,0.0,0.0,0.0,0.0,0.0,0.0,0.0,0.0,0.0,0.0,0.0,0.0,0.0,0.0,0.0,0.0,0.0,0.0,0.0,0.0,0.0,0.0,0.0,0.0,0.0,0.0
11.0,23.0,0.0,0.0,0.0,0.0,0.0,0.0,0.0,0.0,0.0,0.0,0.0,0.0,0.0,0.0,0.0,0.0,0.0,0.0,0.0,0.0,0.0,0.0,0.0,0.0,0.0,0.0,0.0
11.0,24.0,0.0,0.0,0.0,0.0,0.0,0.0,0.0,0.0,0.0,0.0,0.0,0.0,0.0,0.0,0.0,0.0,0.0,0.0,0.0,0.0,0.0,0.0,0.0,0.0,0.0,0.0,0.0
11.0,25.0,0.0,0.0,0.0,0.0,0.0,0.0,0.0,0.0,0.0,0.0,0.0,0.0,0.0,0.0,0.0,0.0,0.0,0.0,0.0,0.0,0.0,0.0,0.0,0.0,0.0,0.0,0.0
12.0,0.0,0.0,0.0014762387,0.0047607278,11.290546,13.410577,3.2576904E-4,0.13799565,5.6252885,2.6281738,3.8087456,0.0020042488,0.44944632,0.004646594,3.0924346,0.0,0.0,0.0,0.0,0.0,0.020591998,0.6146952,37.767464,0.0,0.0,0.0,0.0,0.0
12.0,1.0,1.4234634E-5,0.027257979,0.23727062,130.02373,64.57408,0.019138051,2.1709163,17.808857,14.27665,62.943855,0.43947777,0.32807794,0.7200123,7.0506334,0.0,0.0,0.0,0.0,0.0,0.0,1.2189671,97.04085,0.0,0.0,0.0,0.0,0.0
12.0,2.0,0.01990239,0.009230199,1.9667028,106.73206,56.519306,6.3110015E-4,2.4299593,4.874656,6.9742637,68.907646,0.15112048,6.666983,1.1349307,5.7398424,0.0,0.0,0.0,0.0,0.0,0.0,0.8183002,74.158195,0.0,0.0,0.0,0.0,0.0
12.0,3.0,0.0027187068,0.001131619,0.15476283,68.40823,32.94706,8.3284476E-4,0.67653036,3.0574336,9.212574,23.104239,0.046382565,0.6717586,0.16530633,6.617359,0.0,0.0,0.0,0.0,0.0,0.0,0.16577302,27.936605,0.0,0.0,0.0,0.0,0.0
12.0,4.0,0.006964888,0.003587339,0.95580715,82.89716,40.623676,0.0101321675,1.819386,3.2094524,4.983532,36.52439,0.4182726,5.438549,0.26858568,9.592398,0.0,0.0,0.0,0.0,0.0,0.0,0.2886734,49.53094,0.0,0.0,0.0,0.0,0.0
12.0,5.0,0.02573493,0.011933363,0.18205021,65.41094,36.0837,7.775829E-4,0.100780144,1.5207005,4.7258997,27.86025,0.0751157,2.7078228,0.13691555,6.809803,0.0,0.0,0.0,0.0,0.0,0.0,0.11423977,24.49548,0.0,0.0,0.0,0.0,0.0
12.0,6.0,0.0019265914,1.5216573E-4,0.66376585,30.593908,27.084253,0.005130661,0.36775893,0.9879812,1.4240611,19.23022,0.1110359,1.6411006,0.5264195,5.058242,0.0,0.0,0.0,0.0,0.0,0.0,0.06877831,16.860847,0.0,0.0,0.0,0.0,0.0
12.0,7.0,5.8210857E-4,5.3977972E-5,0.25445312,13.746704,6.2372894,5.733306E-5,0.21231876,0.5682429,0.7390769,2.398791,0.3165875,0.9515889,0.21111579,1.5983942,0.0,0.0,0.0,0.0,0.0,0.0,0.06474389,6.6162205,0.0,0.0,0.0,0.0,0.0
12.0,8.0,0.003390489,0.0031898087,0.048380923,9.815576,4.955807,1.037986E-4,0.06404217,0.16458972,0.2501479,4.054547,0.046879034,0.6284088,0.029877296,0.35328922,0.0,0.0,0.0,0.0,0.0,0.0,0.012744764,4.031849,0.0,0.0,0.0,0.0,0.0
12.0,9.0,0.025121618,1.6506179E-4,0.020192841,6.177783,2.2026787,1.319548E-5,0.053683173,0.2209236,0.6609756,2.0893626,0.042218734,0.3721739,0.15031093,0.5467907,0.0,0.0,0.0,0.0,0.0,0.0,0.058578476,2.5507135,0.0,0.0,0.0,0.0,0.0
12.0,10.0,4.048198E-5,2.4717746E-4,0.018441336,2.2368805,0.9233556,0.002017942,0.0052865897,0.09429574,0.02583098,0.8119116,0.0017420092,0.25264594,0.022902567,0.30145323,0.0,0.0,0.0,0.0,0.0,0.0,0.0026139687,1.1764324,0.0,0.0,0.0,0.0,0.0
12.0,11.0,0.00896089,1.6764388E-5,0.049190708,4.849875,2.4007182,5.4359E-5,0.021777458,0.26085016,0.47377154,1.8303885,0.047840565,0.5322884,0.076764934,0.35414347,0.0,0.0,0.0,0.0,0.0,0.0,0.001560177,1.7126414,0.0,0.0,0.0,0.0,0.0
12.0,12.0,0.002113219,9.133717E-4,0.10988399,5.5162835,2.928079,5.565274E-4,0.06620989,0.25213084,0.074830696,1.9069061,0.019483432,0.5605065,0.04925026,0.66457033,0.0,0.0,0.0,0.0,0.0,0.0,0.0027211548,1.4363736,0.0,0.0,0.0,0.0,0.0
12.0,13.0,4.511311E-4,4.216372E-5,0.007862237,0.4689992,0.28720042,8.473753E-5,0.0026754052,0.027920144,0.010074886,0.13742389,0.0033682305,0.026907535,0.0044195293,0.07903446,0.0,0.0,0.0,0.0,0.0,0.0,0.0020578685,0.1821585,0.0,0.0,0.0,0.0,0.0
12.0,14.0,5.4441494E-5,6.4473406E-6,0.0013328763,0.055623684,0.03361665,2.5268827E-7,5.301053E-4,0.001753889,4.314368E-4,0.022820175,2.346988E-4,0.0044677593,4.8693747E-4,0.011976197,0.0,0.0,0.0,0.0,0.0,0.0,4.922302E-4,0.02536778,0.0,0.0,0.0,0.0,0.0
12.0,15.0,4.705541E-6,5.4686434E-6,4.8235182E-5,0.010342256,0.0046837544,6.5121036E-8,1.1601077E-4,6.915133E-4,4.8266313E-4,0.0020039368,8.656751E-5,0.0010498097,2.5502857E-5,8.8907237E-4,0.0,0.0,0.0,0.0,0.0,0.0,3.5058285E-5,0.0037909097,0.0,0.0,0.0,0.0,0.0
12.0,16.0,7.557321E-6,3.9936435E-7,8.233788E-5,0.0041402904,0.001806866,3.8743792E-8,1.9606296E-5,1.7526642E-4,2.136378E-4,6.97885E-4,2.3879615E-5,6.8213814E-4,4.4711687E-6,8.8961155E-4,0.0,0.0,0.0,0.0,0.0,0.0,1.6470993E-5,0.0019264047,0.0,0.0,0.0,0.0,0.0
12.0,17.0,0.0,0.0,0.0,0.0,0.0,0.0,0.0,0.0,0.0,0.0,0.0,0.0,0.0,0.0,0.0,0.0,0.0,0.0,0.0,0.0,0.0,0.0,0.0,0.0,0.0,0.0,0.0
12.0,18.0,0.0,0.0,0.0,0.0,0.0,0.0,0.0,0.0,0.0,0.0,0.0,0.0,0.0,0.0,0.0,0.0,0.0,0.0,0.0,0.0,0.0,0.0,0.0,0.0,0.0,0.0,0.0
12.0,19.0,0.0,0.0,0.0,0.0,0.0,0.0,0.0,0.0,0.0,0.0,0.0,0.0,0.0,0.0,0.0,0.0,0.0,0.0,0.0,0.0,0.0,0.0,0.0,0.0,0.0,0.0,0.0
12.0,20.0,0.0,0.0,0.0,0.0,0.0,0.0,0.0,0.0,0.0,0.0,0.0,0.0,0.0,0.0,0.0,0.0,0.0,0.0,0.0,0.0,0.0,0.0,0.0,0.0,0.0,0.0,0.0
12.0,21.0,0.0,0.0,0.0,0.0,0.0,0.0,0.0,0.0,0.0,0.0,0.0,0.0,0.0,0.0,0.0,0.0,0.0,0.0,0.0,0.0,0.0,0.0,0.0,0.0,0.0,0.0,0.0
12.0,22.0,0.0,0.0,0.0,0.0,0.0,0.0,0.0,0.0,0.0,0.0,0.0,0.0,0.0,0.0,0.0,0.0,0.0,0.0,0.0,0.0,0.0,0.0,0.0,0.0,0.0,0.0,0.0
12.0,23.0,0.0,0.0,0.0,0.0,0.0,0.0,0.0,0.0,0.0,0.0,0.0,0.0,0.0,0.0,0.0,0.0,0.0,0.0,0.0,0.0,0.0,0.0,0.0,0.0,0.0,0.0,0.0
12.0,24.0,0.0,0.0,0.0,0.0,0.0,0.0,0.0,0.0,0.0,0.0,0.0,0.0,0.0,0.0,0.0,0.0,0.0,0.0,0.0,0.0,0.0,0.0,0.0,0.0,0.0,0.0,0.0
12.0,25.0,0.0,0.0,0.0,0.0,0.0,0.0,0.0,0.0,0.0,0.0,0.0,0.0,0.0,0.0,0.0,0.0,0.0,0.0,0.0,0.0,0.0,0.0,0.0,0.0,0.0,0.0,0.0
13.0,0.0,0.0,0.0024245249,0.02549293,15.0437565,12.207423,5.5322825E-4,0.4708147,2.776045,10.335206,1.3648676,0.021645067,0.5269608,0.003424035,2.1398208,0.0,0.0,0.0,0.0,0.0,0.029178308,0.42671406,35.83267,0.0,0.0,0.0,0.0,0.0
13.0,1.0,1.7046299E-10,0.008236774,0.060353603,104.41098,68.83243,0.0029316565,0.58123755,4.2031975,6.6952553,32.6146,0.6957652,0.47892377,0.0078830905,5.575598,0.0,0.0,0.0,0.0,0.0,0.0,1.0239264,105.438095,0.0,0.0,0.0,0.0,0.0
13.0,2.0,0.020112168,0.040882938,0.18508376,152.70804,52.45916,0.0032506473,2.9296744,12.172773,15.023453,51.53845,1.2234807,0.40395463,0.17990123,6.263915,0.0,0.0,0.0,0.0,0.0,0.0,0.73072946,91.20226,0.0,0.0,0.0,0.0,0.0
13.0,3.0,0.004648647,0.053451005,0.28952146,104.29719,59.73745,0.0022754339,0.7052203,3.5467305,4.7103586,54.745712,0.25396648,0.37434322,0.17558116,5.580586,0.0,0.0,0.0,0.0,0.0,0.0,0.53680193,62.498924,0.0,0.0,0.0,0.0,0.0
13.0,4.0,0.10691209,0.0027071852,0.358863,63.74768,22.059937,1.7119975E-4,0.06718931,3.5580707,3.135359,8.081597,0.30102873,1.9712577,0.33633757,6.4559693,0.0,0.0,0.0,0.0,0.0,0.0,0.16097327,28.587475,0.0,0.0,0.0,0.0,0.0
13.0,5.0,0.17780878,0.0044134436,0.47782704,84.91232,31.241318,7.4610005E-5,0.54984415,6.510383,3.007009,27.103168,0.32702675,5.4905715,0.054869127,4.2542667,0.0,0.0,0.0,0.0,0.0,0.0,0.07892586,24.447245,0.0,0.0,0.0,0.0,0.0
13.0,6.0,0.04268807,6.035095E-4,0.69943166,57.997723,23.210958,6.420775E-5,0.37847307,1.4114479,3.1527855,16.102283,0.089514606,2.2319925,1.3863171,4.945575,0.0,0.0,0.0,0.0,0.0,0.0,0.030688414,16.891287,0.0,0.0,0.0,0.0,0.0
13.0,7.0,0.0010195074,0.0014768182,0.13957004,22.889902,20.821455,2.984591E-5,0.5077512,0.7883252,0.35439342,12.281631,0.23541737,2.147444,0.6302274,5.1000996,0.0,0.0,0.0,0.0,0.0,0.0,0.030852819,10.946706,0.0,0.0,0.0,0.0,0.0
13.0,8.0,8.1591523E-4,0.0010573323,0.05673039,8.399187,3.9666162,1.0369613E-5,0.10821342,0.549522,0.6122803,3.2630606,0.12550907,0.3286019,0.06571155,1.6246846,0.0,0.0,0.0,0.0,0.0,0.0,0.034301538,4.7690544,0.0,0.0,0.0,0.0,0.0
13.0,9.0,0.007151702,3.271704E-4,0.120467655,8.5787,3.2586424,4.6965233E-5,0.17011645,0.39493018,0.12072452,0.7622998,0.051028125,0.27372527,0.08248328,0.2659198,0.0,0.0,0.0,0.0,0.0,0.0,0.013244226,3.0082295,0.0,0.0,0.0,0.0,0.0
13.0,10.0,2.909244E-4,0.0010087143,0.07017366,3.705567,1.9160566,7.788191E-5,0.009683135,0.10813669,0.18747492,0.8867234,0.006852537,0.27790335,0.1067075,0.75291365,0.0,0.0,0.0,0.0,0.0,0.0,0.007929902,2.0789046,0.0,0.0,0.0,0.0,0.0
13.0,11.0,1.2254792E-5,0.0010482519,0.0061216913,1.3419589,0.9519739,5.357188E-7,0.007864355,0.015541112,0.0052806144,0.16450572,0.056102835,0.033979613,0.049444504,0.22005665,0.0,0.0,0.0,0.0,0.0,0.0,0.031767465,1.068156,0.0,0.0,0.0,0.0,0.0
13.0,12.0,0.0011473411,4.7857634E-6,0.04740254,3.2379606,1.5493464,5.9295453E-5,0.005855159,0.16461463,0.27346417,0.93467975,0.030114116,0.25926688,0.066225015,0.61971444,0.0,0.0,0.0,0.0,0.0,0.0,6.27974E-4,0.9943666,0.0,0.0,0.0,0.0,0.0
13.0,13.0,0.0027369417,2.6813176E-4,0.0787801,3.7360392,2.0941515,1.0825933E-4,0.033282734,0.14478035,0.060539164,1.1849498,0.027306417,0.25365,0.07084642,0.45057184,0.0,0.0,0.0,0.0,0.0,0.0,0.0040012347,0.98013407,0.0,0.0,0.0,0.0,0.0
13.0,14.0,4.999481E-5,4.875181E-5,0.0073210862,0.31041482,0.19106759,1.0922728E-5,0.0043901172,0.007360757,0.009970709,0.10183561,0.0041735857,0.023735907,0.0049813287,0.036683965,0.0,0.0,0.0,0.0,0.0,0.0,0.001702275,0.123214275,0.0,0.0,0.0,0.0,0.0
13.0,15.0,1.5639138E-5,5.521336E-6,0.001107176,0.045684326,0.014983291,2.495979E-7,1.1952795E-4,0.0016710578,0.0013805211,0.016342297,2.4513056E-4,0.0024047217,8.519083E-4,0.0049533234,0.0,0.0,0.0,0.0,0.0,0.0,6.337404E-4,0.014859197,0.0,0.0,0.0,0.0,0.0
13.0,16.0,3.3224435E-6,2.8766095E-7,7.476561E-5,0.006242122,0.0031217767,5.757608E-8,5.3472053E-5,3.500617E-4,3.0404222E-4,0.0021974698,6.855839E-5,3.5459353E-4,7.616978E-5,7.0222013E-4,0.0,0.0,0.0,0.0,0.0,0.0,3.5395606E-5,0.0023214626,0.0,0.0,0.0,0.0,0.0
13.0,17.0,0.0,0.0,0.0,0.0,0.0,0.0,0.0,0.0,0.0,0.0,0.0,0.0,0.0,0.0,0.0,0.0,0.0,0.0,0.0,0.0,0.0,0.0,0.0,0.0,0.0,0.0,0.0
13.0,18.0,0.0,0.0,0.0,0.0,0.0,0.0,0.0,0.0,0.0,0.0,0.0,0.0,0.0,0.0,0.0,0.0,0.0,0.0,0.0,0.0,0.0,0.0,0.0,0.0,0.0,0.0,0.0
13.0,19.0,0.0,0.0,0.0,0.0,0.0,0.0,0.0,0.0,0.0,0.0,0.0,0.0,0.0,0.0,0.0,0.0,0.0,0.0,0.0,0.0,0.0,0.0,0.0,0.0,0.0,0.0,0.0
13.0,20.0,0.0,0.0,0.0,0.0,0.0,0.0,0.0,0.0,0.0,0.0,0.0,0.0,0.0,0.0,0.0,0.0,0.0,0.0,0.0,0.0,0.0,0.0,0.0,0.0,0.0,0.0,0.0
13.0,21.0,0.0,0.0,0.0,0.0,0.0,0.0,0.0,0.0,0.0,0.0,0.0,0.0,0.0,0.0,0.0,0.0,0.0,0.0,0.0,0.0,0.0,0.0,0.0,0.0,0.0,0.0,0.0
13.0,22.0,0.0,0.0,0.0,0.0,0.0,0.0,0.0,0.0,0.0,0.0,0.0,0.0,0.0,0.0,0.0,0.0,0.0,0.0,0.0,0.0,0.0,0.0,0.0,0.0,0.0,0.0,0.0
13.0,23.0,0.0,0.0,0.0,0.0,0.0,0.0,0.0,0.0,0.0,0.0,0.0,0.0,0.0,0.0,0.0,0.0,0.0,0.0,0.0,0.0,0.0,0.0,0.0,0.0,0.0,0.0,0.0
13.0,24.0,0.0,0.0,0.0,0.0,0.0,0.0,0.0,0.0,0.0,0.0,0.0,0.0,0.0,0.0,0.0,0.0,0.0,0.0,0.0,0.0,0.0,0.0,0.0,0.0,0.0,0.0,0.0
13.0,25.0,0.0,0.0,0.0,0.0,0.0,0.0,0.0,0.0,0.0,0.0,0.0,0.0,0.0,0.0,0.0,0.0,0.0,0.0,0.0,0.0,0.0,0.0,0.0,0.0,0.0,0.0,0.0
14.0,0.0,0.0,0.006288779,0.023488376,6.4578643,9.67242,8.3712826E-4,0.6230775,2.9470403,3.3503473,0.59297526,0.013321279,0.5915365,0.005226042,0.43656582,0.0,0.0,0.0,0.0,0.0,0.027784025,0.63172716,44.503906,0.0,0.0,0.0,0.0,0.0
14.0,1.0,2.7225678E-7,0.054830067,0.73966783,63.735443,70.62002,0.018689828,3.8186584,19.369726,11.297006,45.108738,1.7722687,1.173514,0.07099811,7.328449,0.0,0.0,0.0,0.0,0.0,0.0,0.91220534,105.81379,0.0,0.0,0.0,0.0,0.0
14.0,2.0,0.0027061668,0.0899333,0.42392,99.47473,56.970886,5.102745E-4,0.7166912,2.2080998,16.261389,55.432217,0.86517555,0.17835423,0.10193137,4.1386743,0.0,0.0,0.0,0.0,0.0,0.0,0.93446714,77.73149,0.0,0.0,0.0,0.0,0.0
14.0,3.0,0.0099466285,0.019955957,0.6164096,144.5572,63.85961,0.010191692,2.361022,11.322615,18.59309,39.19864,0.70669365,1.4853548,0.10740986,15.354399,0.0,0.0,0.0,0.0,0.0,0.0,0.30952808,57.887875,0.0,0.0,0.0,0.0,0.0
14.0,4.0,0.0011196913,0.027294267,0.19525966,86.49708,39.215446,2.903128E-4,1.161463,4.5950665,1.9805124,63.72169,0.5002107,2.7183263,0.615817,11.945265,0.0,0.0,0.0,0.0,0.0,0.0,0.21009342,35.362984,0.0,0.0,0.0,0.0,0.0
14.0,5.0,0.03983529,0.008554945,0.0532929,49.37042,20.352865,6.908464E-4,0.18090723,2.601753,2.7522266,9.3537655,0.039159685,2.7683165,0.344744,4.0525575,0.0,0.0,0.0,0.0,0.0,0.0,0.034454204,15.531201,0.0,0.0,0.0,0.0,0.0
14.0,6.0,0.14524691,0.031107426,0.12521791,63.70374,26.876148,1.287592E-4,0.29427728,3.2477252,2.398975,20.37169,0.25670853,1.1008726,0.02013141,3.296464,0.0,0.0,0.0,0.0,0.0,0.0,0.04831851,17.942205,0.0,0.0,0.0,0.0,0.0
14.0,7.0,0.068917684,0.010210784,0.26415798,41.59089,13.624136,4.960533E-4,0.6411968,1.2795285,1.1031809,14.453283,0.24677724,3.3038821,0.09884421,2.341768,0.0,0.0,0.0,0.0,0.0,0.0,0.02204583,11.8560705,0.0,0.0,0.0,0.0,0.0
14.0,8.0,0.008469169,7.962392E-5,0.19561219,16.035337,13.819436,6.509074E-5,0.26299337,0.9633086,0.94609255,6.6689405,0.042655114,1.8680176,0.14110637,3.1249707,0.0,0.0,0.0,0.0,0.0,0.0,0.035480645,7.1839023,0.0,0.0,0.0,0.0,0.0
14.0,9.0,0.055822216,4.3762478E-4,0.1241013,6.5868006,3.2508929,2.96621E-4,0.08041104,0.28404978,0.33386496,1.3493195,0.13692707,0.7087093,0.004838818,1.2258446,0.0,0.0,0.0,0.0,0.0,0.0,0.006718057,2.296293,0.0,0.0,0.0,0.0,0.0
14.0,10.0,8.863429E-4,0.0010104973,0.0709677,5.1228814,2.1881144,9.132443E-5,0.051383488,0.12806879,0.17422867,0.9690194,0.1007912,0.44716123,0.016075766,0.7912493,0.0,0.0,0.0,0.0,0.0,0.0,0.006906926,1.3282641,0.0,0.0,0.0,0.0,0.0
14.0,11.0,8.944417E-5,8.99921E-4,0.034658577,2.296763,1.7576635,4.9091595E-5,0.034148548,0.23049022,0.23526673,0.33221197,0.007479168,0.23186336,0.028445993,0.43348807,0.0,0.0,0.0,0.0,0.0,0.0,0.0026925888,1.1727675,0.0,0.0,0.0,0.0,0.0
14.0,12.0,2.0264389E-4,0.002289864,0.013125191,0.7587126,0.66824156,2.9540211E-5,0.033811975,0.018251698,6.334957E-5,0.22714733,0.010674411,0.066158466,0.0015554606,0.24039508,0.0,0.0,0.0,0.0,0.0,0.0,0.0012378341,0.5013538,0.0,0.0,0.0,0.0,0.0
14.0,13.0,0.00616016,3.9598108E-5,0.059736136,2.0950596,1.1200186,5.2193547E-5,0.010725756,0.12559156,0.21828339,0.46827343,0.036068134,0.2737376,0.06167278,0.2800581,0.0,0.0,0.0,0.0,0.0,0.0,4.0711366E-4,0.746968,0.0,0.0,0.0,0.0,0.0
14.0,14.0,0.002876365,7.947418E-4,0.04278397,2.2944458,1.2977597,3.2123105E-5,0.031367514,0.07304178,0.044459574,0.6694041,0.020327328,0.19224833,0.020987146,0.3964822,0.0,0.0,0.0,0.0,0.0,0.0,9.0384687E-4,0.7088054,0.0,0.0,0.0,0.0,0.0
14.0,15.0,3.8334008E-4,1.07606815E-4,0.0023307775,0.20423697,0.11474985,7.938026E-6,0.0023625623,0.01000802,0.0035395818,0.06828759,0.0025103076,0.009471796,0.0010602198,0.029022448,0.0,0.0,0.0,0.0,0.0,0.0,9.641682E-4,0.074644394,0.0,0.0,0.0,0.0,0.0
14.0,16.0,3.1570482E-6,5.1816455E-6,2.4524183E-4,0.028829645,0.014128438,3.1139368E-7,1.4390421E-4,8.2488375E-4,0.0010561051,0.009441807,3.6985235E-4,8.764413E-4,2.1480724E-5,0.003302651,0.0,0.0,0.0,0.0,0.0,0.0,3.1725616E-5,0.007504392,0.0,0.0,0.0,0.0,0.0
14.0,17.0,0.0,0.0,0.0,0.0,0.0,0.0,0.0,0.0,0.0,0.0,0.0,0.0,0.0,0.0,0.0,0.0,0.0,0.0,0.0,0.0,0.0,0.0,0.0,0.0,0.0,0.0,0.0
14.0,18.0,0.0,0.0,0.0,0.0,0.0,0.0,0.0,0.0,0.0,0.0,0.0,0.0,0.0,0.0,0.0,0.0,0.0,0.0,0.0,0.0,0.0,0.0,0.0,0.0,0.0,0.0,0.0
14.0,19.0,0.0,0.0,0.0,0.0,0.0,0.0,0.0,0.0,0.0,0.0,0.0,0.0,0.0,0.0,0.0,0.0,0.0,0.0,0.0,0.0,0.0,0.0,0.0,0.0,0.0,0.0,0.0
14.0,20.0,0.0,0.0,0.0,0.0,0.0,0.0,0.0,0.0,0.0,0.0,0.0,0.0,0.0,0.0,0.0,0.0,0.0,0.0,0.0,0.0,0.0,0.0,0.0,0.0,0.0,0.0,0.0
14.0,21.0,0.0,0.0,0.0,0.0,0.0,0.0,0.0,0.0,0.0,0.0,0.0,0.0,0.0,0.0,0.0,0.0,0.0,0.0,0.0,0.0,0.0,0.0,0.0,0.0,0.0,0.0,0.0
14.0,22.0,0.0,0.0,0.0,0.0,0.0,0.0,0.0,0.0,0.0,0.0,0.0,0.0,0.0,0.0,0.0,0.0,0.0,0.0,0.0,0.0,0.0,0.0,0.0,0.0,0.0,0.0,0.0
14.0,23.0,0.0,0.0,0.0,0.0,0.0,0.0,0.0,0.0,0.0,0.0,0.0,0.0,0.0,0.0,0.0,0.0,0.0,0.0,0.0,0.0,0.0,0.0,0.0,0.0,0.0,0.0,0.0
14.0,24.0,0.0,0.0,0.0,0.0,0.0,0.0,0.0,0.0,0.0,0.0,0.0,0.0,0.0,0.0,0.0,0.0,0.0,0.0,0.0,0.0,0.0,0.0,0.0,0.0,0.0,0.0,0.0
14.0,25.0,0.0,0.0,0.0,0.0,0.0,0.0,0.0,0.0,0.0,0.0,0.0,0.0,0.0,0.0,0.0,0.0,0.0,0.0,0.0,0.0,0.0,0.0,0.0,0.0,0.0,0.0,0.0
15.0,0.0,0.0,2.2591537E-4,0.11933995,11.769357,23.748434,0.0026871536,0.39467496,5.6867614,5.7363653,0.30893987,0.0024153565,0.35058492,0.020565135,5.7770596,0.0,0.0,0.0,0.0,0.0,0.028065398,0.53036594,39.127357,0.0,0.0,0.0,0.0,0.0
15.0,1.0,1.2974284E-7,0.035706047,1.2715359,90.18294,62.661415,0.027125042,3.822546,12.253331,6.134427,34.78106,0.29729992,3.0492058,0.45315385,1.1057761,0.0,0.0,0.0,0.0,0.0,0.0,1.7862314,135.05275,0.0,0.0,0.0,0.0,0.0
15.0,2.0,0.0038546554,0.04950551,0.30920663,100.09681,35.21581,0.020711327,1.5318036,7.18946,7.1678,54.766083,0.123585634,0.6748499,0.004641345,0.5735101,0.0,0.0,0.0,0.0,0.0,0.0,0.60944605,82.910545,0.0,0.0,0.0,0.0,0.0
15.0,3.0,6.71058E-4,0.008503928,0.13769369,85.10096,52.44167,8.617751E-4,0.4012792,6.325409,5.036761,52.791794,0.4578917,1.9318868,0.41486537,1.5613002,0.0,0.0,0.0,0.0,0.0,0.0,0.45796674,48.06174,0.0,0.0,0.0,0.0,0.0
15.0,4.0,0.21333049,0.011348187,0.34464863,122.10253,41.13542,0.0011375683,0.25705478,9.487702,5.057095,40.44978,0.017301887,2.3304193,0.023743939,4.5548334,0.0,0.0,0.0,0.0,0.0,0.0,0.3339635,38.251,0.0,0.0,0.0,0.0,0.0
15.0,5.0,0.1911054,0.005971576,0.33648938,57.1422,29.924047,5.173772E-4,2.0101187,0.8135126,2.20964,34.54202,0.69082963,6.847669,0.008568764,0.68307525,0.0,0.0,0.0,0.0,0.0,0.0,0.15512243,30.348833,0.0,0.0,0.0,0.0,0.0
15.0,6.0,0.061283767,0.0014328919,0.21673381,34.378735,12.327165,1.7248251E-4,0.03137207,1.6003916,2.3119879,10.119381,0.033177372,1.5540423,0.013550812,0.74303645,0.0,0.0,0.0,0.0,0.0,0.0,0.016352398,7.4419537,0.0,0.0,0.0,0.0,0.0
15.0,7.0,0.0036637236,0.033511013,0.29885507,33.779644,17.671707,0.0012254496,0.027823014,2.7836375,1.0766973,14.039507,0.3835537,1.6434197,0.1465661,1.147466,0.0,0.0,0.0,0.0,0.0,0.0,0.024637524,15.443327,0.0,0.0,0.0,0.0,0.0
15.0,8.0,0.122562766,0.0028704384,0.0848453,21.463991,13.760463,3.7537495E-4,0.104743645,0.7589715,1.0470594,6.2030725,0.0055647665,2.3450668,0.23771417,1.802765,0.0,0.0,0.0,0.0,0.0,0.0,0.02253877,7.141598,0.0,0.0,0.0,0.0,0.0
15.0,9.0,0.0011719952,9.72408E-4,0.042719144,10.01286,9.399864,5.651169E-5,0.030166108,0.45924175,0.2733938,5.3623347,0.0956154,0.7041864,0.11350473,0.5436206,0.0,0.0,0.0,0.0,0.0,0.0,0.045346007,3.040358,0.0,0.0,0.0,0.0,0.0
15.0,10.0,0.006282092,0.0015098419,0.025952216,4.559211,2.110017,2.202962E-5,0.0018617068,0.19221406,0.37486207,0.60038394,0.022805844,0.21153314,0.06612221,0.20956394,0.0,0.0,0.0,0.0,0.0,0.0,0.0057892716,1.2899675,0.0,0.0,0.0,0.0,0.0
15.0,11.0,3.2741122E-4,1.1716522E-4,0.013930481,2.251266,1.4337102,2.3085475E-5,0.0018116694,0.11237337,0.068652,1.2913761,0.0016393139,0.19163385,0.0010329111,0.015870197,0.0,0.0,0.0,0.0,0.0,0.0,0.0067634378,1.1645466,0.0,0.0,0.0,0.0,0.0
15.0,12.0,0.0013774753,1.5176529E-4,0.012517946,1.5652491,0.71921456,9.38189E-6,0.005834984,0.072790526,0.13683526,0.53777575,0.02159794,0.091692775,2.7117904E-4,0.20598623,0.0,0.0,0.0,0.0,0.0,0.0,0.0033631546,0.5758781,0.0,0.0,0.0,0.0,0.0
15.0,13.0,3.2243337E-5,1.8449199E-4,0.0105652,0.4941808,0.29257444,1.4874934E-6,0.006589767,2.9273628E-4,0.0050398554,0.3526922,0.0010787686,0.05954884,0.0037160064,0.023064619,0.0,0.0,0.0,0.0,0.0,0.0,0.0033106615,0.1655584,0.0,0.0,0.0,0.0,0.0
15.0,14.0,0.0015340262,1.9001458E-5,0.023983523,1.2486886,0.69307894,3.8437156E-5,0.005730848,0.07221875,0.13037094,0.34027347,0.012571107,0.12999406,0.016414454,0.1411508,0.0,0.0,0.0,0.0,0.0,0.0,6.7682064E-4,0.43652052,0.0,0.0,0.0,0.0,0.0
15.0,15.0,0.0014729131,4.3546653E-4,0.03175119,1.3068495,0.7985833,2.1363154E-5,0.00833225,0.061443236,0.031007363,0.42383128,0.0057854922,0.114289306,0.014546618,0.049636036,0.0,0.0,0.0,0.0,0.0,0.0,0.0019428068,0.35791042,0.0,0.0,0.0,0.0,0.0
15.0,16.0,1.338202E-4,9.48837E-6,8.428505E-4,0.11497939,0.0681971,1.3397033E-6,0.0015939918,0.00429228,0.0033716334,0.03774945,7.8004546E-4,0.008585561,4.6663472E-4,0.005664346,0.0,0.0,0.0,0.0,0.0,0.0,0.001415454,0.04205673,0.0,0.0,0.0,0.0,0.0
15.0,17.0,0.0,0.0,0.0,0.0,0.0,0.0,0.0,0.0,0.0,0.0,0.0,0.0,0.0,0.0,0.0,0.0,0.0,0.0,0.0,0.0,0.0,0.0,0.0,0.0,0.0,0.0,0.0
15.0,18.0,0.0,0.0,0.0,0.0,0.0,0.0,0.0,0.0,0.0,0.0,0.0,0.0,0.0,0.0,0.0,0.0,0.0,0.0,0.0,0.0,0.0,0.0,0.0,0.0,0.0,0.0,0.0
15.0,19.0,0.0,0.0,0.0,0.0,0.0,0.0,0.0,0.0,0.0,0.0,0.0,0.0,0.0,0.0,0.0,0.0,0.0,0.0,0.0,0.0,0.0,0.0,0.0,0.0,0.0,0.0,0.0
15.0,20.0,0.0,0.0,0.0,0.0,0.0,0.0,0.0,0.0,0.0,0.0,0.0,0.0,0.0,0.0,0.0,0.0,0.0,0.0,0.0,0.0,0.0,0.0,0.0,0.0,0.0,0.0,0.0
15.0,21.0,0.0,0.0,0.0,0.0,0.0,0.0,0.0,0.0,0.0,0.0,0.0,0.0,0.0,0.0,0.0,0.0,0.0,0.0,0.0,0.0,0.0,0.0,0.0,0.0,0.0,0.0,0.0
15.0,22.0,0.0,0.0,0.0,0.0,0.0,0.0,0.0,0.0,0.0,0.0,0.0,0.0,0.0,0.0,0.0,0.0,0.0,0.0,0.0,0.0,0.0,0.0,0.0,0.0,0.0,0.0,0.0
15.0,23.0,0.0,0.0,0.0,0.0,0.0,0.0,0.0,0.0,0.0,0.0,0.0,0.0,0.0,0.0,0.0,0.0,0.0,0.0,0.0,0.0,0.0,0.0,0.0,0.0,0.0,0.0,0.0
15.0,24.0,0.0,0.0,0.0,0.0,0.0,0.0,0.0,0.0,0.0,0.0,0.0,0.0,0.0,0.0,0.0,0.0,0.0,0.0,0.0,0.0,0.0,0.0,0.0,0.0,0.0,0.0,0.0
15.0,25.0,0.0,0.0,0.0,0.0,0.0,0.0,0.0,0.0,0.0,0.0,0.0,0.0,0.0,0.0,0.0,0.0,0.0,0.0,0.0,0.0,0.0,0.0,0.0,0.0,0.0,0.0,0.0
16.0,0.0,0.0,0.008386069,0.13776778,2.7201345,18.339666,5.241007E-4,0.79354143,5.78612,3.0031664,0.8575915,0.17276247,0.22407196,0.0047501926,3.8278973,0.0,0.0,0.0,0.0,0.0,0.020072112,1.0192876,45.937523,0.0,0.0,0.0,0.0,0.0
16.0,1.0,3.988326E-8,0.055954162,0.45137715,97.61042,66.28943,0.0047851084,0.43564,5.043794,8.908062,30.659267,0.12817058,1.286236,0.08292227,3.8062239,0.0,0.0,0.0,0.0,0.0,0.0,1.446692,123.70304,0.0,0.0,0.0,0.0,0.0
16.0,2.0,0.02342062,0.009589905,1.87213,108.48773,65.46494,0.0069490555,1.7126971,3.6381066,6.3143415,42.700413,0.4129454,1.4350219,0.8762333,1.7863603,0.0,0.0,0.0,0.0,0.0,0.0,0.65702504,85.614525,0.0,0.0,0.0,0.0,0.0
16.0,3.0,0.046661753,0.06028039,0.6200112,74.93539,49.38413,0.005105425,0.81501967,5.3559017,9.079017,26.692177,1.1075801,5.3697066,0.02091903,7.8765707,0.0,0.0,0.0,0.0,0.0,0.0,0.33923772,47.273823,0.0,0.0,0.0,0.0,0.0
16.0,4.0,0.032426555,0.018225973,0.55306745,59.478363,23.87204,3.193004E-4,1.70673,2.2929637,3.0701988,30.075638,0.7790911,2.6699119,0.04526951,5.022757,0.0,0.0,0.0,0.0,0.0,0.0,0.29415283,43.83482,0.0,0.0,0.0,0.0,0.0
16.0,5.0,0.15282628,0.0016846521,0.16602412,84.39921,26.361353,1.7624052E-4,0.060918834,3.5883281,4.141961,17.600891,0.14025766,3.422182,0.20779072,3.2280426,0.0,0.0,0.0,0.0,0.0,0.0,0.13300394,27.501902,0.0,0.0,0.0,0.0,0.0
16.0,6.0,0.018296465,0.023102382,0.7616863,35.37402,18.593853,0.002455292,0.22665611,1.9588215,1.4834608,25.682238,0.054546714,0.95312196,0.6480048,2.1352527,0.0,0.0,0.0,0.0,0.0,0.0,0.047507077,17.147152,0.0,0.0,0.0,0.0,0.0
16.0,7.0,0.0013109413,0.0016598506,0.029712856,17.748522,7.954006,1.4875442E-4,0.07183891,0.9578901,0.65680057,7.3547945,0.41804546,0.6350984,0.22414412,0.832715,0.0,0.0,0.0,0.0,0.0,0.0,0.005902993,5.8575206,0.0,0.0,0.0,0.0,0.0
16.0,8.0,0.009689927,0.002088182,0.23244014,21.237621,9.6004925,0.0012353734,0.42448995,1.551387,1.110279,9.256878,0.049275182,1.446104,0.034253124,1.2088925,0.0,0.0,0.0,0.0,0.0,0.0,0.007437836,6.3065357,0.0,0.0,0.0,0.0,0.0
16.0,9.0,0.022683006,0.0018759837,0.10480046,13.990743,5.9202843,5.2192045E-4,0.07001035,0.5568216,0.48502234,4.351764,0.08872989,0.5172811,0.2980682,0.56541556,0.0,0.0,0.0,0.0,0.0,0.0,0.00510471,5.1425285,0.0,0.0,0.0,0.0,0.0
16.0,10.0,0.0037673947,0.007815643,0.10611702,6.600363,3.81887,7.289322E-5,0.021940071,0.27501094,0.18360862,2.7847323,0.035220057,0.24120402,0.12625006,0.75207585,0.0,0.0,0.0,0.0,0.0,0.0,0.0025660377,2.5860674,0.0,0.0,0.0,0.0,0.0
16.0,11.0,0.001563219,1.7055398E-4,0.033342946,2.0477035,1.3010209,3.2701628E-5,0.011218911,0.25152132,0.094522454,0.5094041,0.0037128734,0.24221909,0.0062779183,0.08044605,0.0,0.0,0.0,0.0,0.0,0.0,0.0028637496,0.8537444,0.0,0.0,0.0,0.0,0.0
16.0,12.0,0.0011399939,4.931968E-5,0.033517525,1.9342009,0.6904828,5.7391107E-6,0.034458335,0.029673241,0.09133553,0.44432104,0.0016654062,0.097847395,0.002237952,0.015706453,0.0,0.0,0.0,0.0,0.0,0.0,5.200818E-4,0.35887554,0.0,0.0,0.0,0.0,0.0
16.0,13.0,0.0078053465,1.00905054E-4,0.0063318633,0.85050875,0.50416535,7.81515E-6,0.03255536,0.020392545,0.04690512,0.1878604,0.0080596,0.09588502,0.007283004,0.03345263,0.0,0.0,0.0,0.0,0.0,0.0,0.004940148,0.37242475,0.0,0.0,0.0,0.0,0.0
16.0,14.0,1.6055793E-4,4.7803944E-5,0.0013721746,0.35423473,0.11765272,1.17154194E-7,0.012143607,0.007253996,7.9906156E-4,0.10244668,0.0024280755,0.028911632,7.462713E-5,0.026516903,0.0,0.0,0.0,0.0,0.0,0.0,3.2967192E-4,0.14028472,0.0,0.0,0.0,0.0,0.0
16.0,15.0,8.010237E-4,1.9884599E-6,0.023172922,0.68992853,0.38183245,2.0897958E-5,0.0010105551,0.030428326,0.055025566,0.1890347,0.013894464,0.05225682,0.018264815,0.028974297,0.0,0.0,0.0,0.0,0.0,0.0,8.5962834E-5,0.26159936,0.0,0.0,0.0,0.0,0.0
16.0,16.0,8.325944E-4,2.1209386E-4,0.021420449,0.7529815,0.3866029,2.7503771E-5,0.010289745,0.024410818,0.011461723,0.24786669,0.0053342897,0.0576954,0.010227773,0.054869086,0.0,0.0,0.0,0.0,0.0,0.0,3.3268813E-4,0.20381112,0.0,0.0,0.0,0.0,0.0
16.0,17.0,0.0,0.0,0.0,0.0,0.0,0.0,0.0,0.0,0.0,0.0,0.0,0.0,0.0,0.0,0.0,0.0,0.0,0.0,0.0,0.0,0.0,0.0,0.0,0.0,0.0,0.0,0.0
16.0,18.0,0.0,0.0,0.0,0.0,0.0,0.0,0.0,0.0,0.0,0.0,0.0,0.0,0.0,0.0,0.0,0.0,0.0,0.0,0.0,0.0,0.0,0.0,0.0,0.0,0.0,0.0,0.0
16.0,19.0,0.0,0.0,0.0,0.0,0.0,0.0,0.0,0.0,0.0,0.0,0.0,0.0,0.0,0.0,0.0,0.0,0.0,0.0,0.0,0.0,0.0,0.0,0.0,0.0,0.0,0.0,0.0
16.0,20.0,0.0,0.0,0.0,0.0,0.0,0.0,0.0,0.0,0.0,0.0,0.0,0.0,0.0,0.0,0.0,0.0,0.0,0.0,0.0,0.0,0.0,0.0,0.0,0.0,0.0,0.0,0.0
16.0,21.0,0.0,0.0,0.0,0.0,0.0,0.0,0.0,0.0,0.0,0.0,0.0,0.0,0.0,0.0,0.0,0.0,0.0,0.0,0.0,0.0,0.0,0.0,0.0,0.0,0.0,0.0,0.0
16.0,22.0,0.0,0.0,0.0,0.0,0.0,0.0,0.0,0.0,0.0,0.0,0.0,0.0,0.0,0.0,0.0,0.0,0.0,0.0,0.0,0.0,0.0,0.0,0.0,0.0,0.0,0.0,0.0
16.0,23.0,0.0,0.0,0.0,0.0,0.0,0.0,0.0,0.0,0.0,0.0,0.0,0.0,0.0,0.0,0.0,0.0,0.0,0.0,0.0,0.0,0.0,0.0,0.0,0.0,0.0,0.0,0.0
16.0,24.0,0.0,0.0,0.0,0.0,0.0,0.0,0.0,0.0,0.0,0.0,0.0,0.0,0.0,0.0,0.0,0.0,0.0,0.0,0.0,0.0,0.0,0.0,0.0,0.0,0.0,0.0,0.0
16.0,25.0,0.0,0.0,0.0,0.0,0.0,0.0,0.0,0.0,0.0,0.0,0.0,0.0,0.0,0.0,0.0,0.0,0.0,0.0,0.0,0.0,0.0,0.0,0.0,0.0,0.0,0.0,0.0
17.0,0.0,0.0,0.0022597897,1.412953,8.812848,19.741049,0.0015392912,0.30219698,6.441381,11.120297,0.21553184,0.0025405379,0.8606411,0.013646141,1.7102288,0.0,0.0,0.0,0.0,0.0,0.02653619,0.6737096,44.831825,0.0,0.0,0.0,0.0,0.0
17.0,1.0,0.0017887999,0.014749363,0.3224066,80.54262,54.903824,0.0025427262,0.8916994,11.436097,8.020019,85.38902,0.37981188,2.1284883,0.40189704,0.7489765,0.0,0.0,0.0,0.0,0.0,0.0,1.7449436,101.99368,0.0,0.0,0.0,0.0,0.0
17.0,2.0,0.033475555,0.037072603,0.10058781,113.36915,63.353283,8.441594E-4,0.7109591,6.4936523,14.143211,41.54582,0.26328027,2.956458,0.2863741,0.99777514,0.0,0.0,0.0,0.0,0.0,0.0,0.75054353,80.82963,0.0,0.0,0.0,0.0,0.0
17.0,3.0,0.081618264,0.0052450947,1.2680025,94.13714,73.08459,0.0043725492,0.4747042,8.95237,3.033368,43.339546,1.2555736,6.512662,0.13263957,0.9225126,0.0,0.0,0.0,0.0,0.0,0.0,0.41141868,57.496166,0.0,0.0,0.0,0.0,0.0
17.0,4.0,0.18348488,0.0062847463,1.0392689,74.27246,32.842747,8.9649664E-4,0.23530053,6.904628,3.6745727,16.49944,0.2016463,3.823173,0.016755313,2.7299008,0.0,0.0,0.0,0.0,0.0,0.0,0.21436892,36.2839,0.0,0.0,0.0,0.0,0.0
17.0,5.0,0.10522287,0.0012468196,0.19384132,66.9309,16.405157,7.395854E-4,0.049616784,1.5214475,2.4797392,20.042807,0.07734323,1.2007965,0.04345321,1.2573893,0.0,0.0,0.0,0.0,0.0,0.0,0.13562986,18.858044,0.0,0.0,0.0,0.0,0.0
17.0,6.0,0.027502425,8.064761E-4,0.1536259,62.327545,19.250751,9.585428E-4,0.23803286,1.7383,2.1102433,14.449033,0.008687353,1.0706275,0.15643497,1.17015,0.0,0.0,0.0,0.0,0.0,0.0,0.057140652,18.463009,0.0,0.0,0.0,0.0,0.0
17.0,7.0,6.394632E-4,0.0016650324,0.092274,33.557205,12.877058,0.0018304522,0.029437942,0.8368522,0.6025728,12.319564,0.4097423,0.45941228,0.05889818,1.0835059,0.0,0.0,0.0,0.0,0.0,0.0,0.049755372,11.443394,0.0,0.0,0.0,0.0,0.0
17.0,8.0,0.04578068,1.0668284E-4,0.20080565,15.3055935,4.199918,1.1793542E-4,0.0043456354,0.18371332,0.51393396,3.1378727,0.045358192,0.5755446,0.021913446,0.5731473,0.0,0.0,0.0,0.0,0.0,0.0,0.0034569039,3.5531948,0.0,0.0,0.0,0.0,0.0
17.0,9.0,0.123396546,0.0056162532,0.03896172,12.022505,7.595788,1.5775936E-4,0.01829575,1.1349808,0.19189471,5.885002,0.046188958,1.5113112,0.0071270703,0.7133812,0.0,0.0,0.0,0.0,0.0,0.0,0.008951963,5.4967937,0.0,0.0,0.0,0.0,0.0
17.0,10.0,0.03230904,3.4100068E-4,0.060964048,9.706051,3.7881832,1.266679E-4,0.00483111,0.15790242,0.19773692,3.1841733,0.029849678,0.76542634,0.020964622,0.4801255,0.0,0.0,0.0,0.0,0.0,0.0,0.012066405,2.4457824,0.0,0.0,0.0,0.0,0.0
17.0,11.0,0.029147394,1.1457475E-4,0.036189195,3.6147773,3.5447571,2.1546488E-4,0.016731016,0.13324943,0.04117511,1.5164057,0.049982928,0.53743243,0.045878526,0.12139648,0.0,0.0,0.0,0.0,0.0,0.0,0.0052036312,1.773014,0.0,0.0,0.0,0.0,0.0
17.0,12.0,0.0057474836,2.1967267E-4,0.013942376,1.397457,0.77630615,9.705011E-6,0.0010829979,0.12138175,0.05116903,0.27555406,0.004548942,0.16493663,0.0030051633,0.021033894,0.0,0.0,0.0,0.0,0.0,0.0,0.003636322,0.6377512,0.0,0.0,0.0,0.0,0.0
17.0,13.0,0.0028816022,5.3909996E-5,0.01094659,1.1418786,0.31908992,9.134895E-6,0.009307299,0.11324116,0.017109297,0.31871712,0.010525863,0.04735322,0.0021000532,0.015152971,0.0,0.0,0.0,0.0,0.0,0.0,4.117426E-4,0.3617473,0.0,0.0,0.0,0.0,0.0
17.0,14.0,5.98347E-4,3.7401223E-5,0.0049678655,0.5289996,0.28229377,1.9259724E-5,0.0041773897,0.01670102,0.025281614,0.18105954,5.231585E-4,0.0703296,0.020417795,0.014815569,0.0,0.0,0.0,0.0,0.0,0.0,0.0010424593,0.21688683,0.0,0.0,0.0,0.0,0.0
17.0,15.0,1.9605157E-5,1.2079413E-4,0.0016382933,0.19941708,0.10226155,3.211852E-6,0.0019740371,0.0070200344,5.7318393E-5,0.07208653,2.7429633E-4,0.015712054,0.017645026,0.011615035,0.0,0.0,0.0,0.0,0.0,0.0,1.9522801E-4,0.096168645,0.0,0.0,0.0,0.0,0.0
17.0,16.0,0.0022411214,1.01713895E-5,0.008274236,0.42126578,0.22216718,2.7495498E-6,9.769405E-4,0.02310403,0.021872954,0.114112176,0.002500059,0.04209626,0.006424706,0.036498472,0.0,0.0,0.0,0.0,0.0,0.0,1.5323682E-5,0.13754097,0.0,0.0,0.0,0.0,0.0
17.0,17.0,0.0,0.0,0.0,0.0,0.0,0.0,0.0,0.0,0.0,0.0,0.0,0.0,0.0,0.0,0.0,0.0,0.0,0.0,0.0,0.0,0.0,0.0,0.0,0.0,0.0,0.0,0.0
17.0,18.0,0.0,0.0,0.0,0.0,0.0,0.0,0.0,0.0,0.0,0.0,0.0,0.0,0.0,0.0,0.0,0.0,0.0,0.0,0.0,0.0,0.0,0.0,0.0,0.0,0.0,0.0,0.0
17.0,19.0,0.0,0.0,0.0,0.0,0.0,0.0,0.0,0.0,0.0,0.0,0.0,0.0,0.0,0.0,0.0,0.0,0.0,0.0,0.0,0.0,0.0,0.0,0.0,0.0,0.0,0.0,0.0
17.0,20.0,0.0,0.0,0.0,0.0,0.0,0.0,0.0,0.0,0.0,0.0,0.0,0.0,0.0,0.0,0.0,0.0,0.0,0.0,0.0,0.0,0.0,0.0,0.0,0.0,0.0,0.0,0.0
17.0,21.0,0.0,0.0,0.0,0.0,0.0,0.0,0.0,0.0,0.0,0.0,0.0,0.0,0.0,0.0,0.0,0.0,0.0,0.0,0.0,0.0,0.0,0.0,0.0,0.0,0.0,0.0,0.0
17.0,22.0,0.0,0.0,0.0,0.0,0.0,0.0,0.0,0.0,0.0,0.0,0.0,0.0,0.0,0.0,0.0,0.0,0.0,0.0,0.0,0.0,0.0,0.0,0.0,0.0,0.0,0.0,0.0
17.0,23.0,0.0,0.0,0.0,0.0,0.0,0.0,0.0,0.0,0.0,0.0,0.0,0.0,0.0,0.0,0.0,0.0,0.0,0.0,0.0,0.0,0.0,0.0,0.0,0.0,0.0,0.0,0.0
17.0,24.0,0.0,0.0,0.0,0.0,0.0,0.0,0.0,0.0,0.0,0.0,0.0,0.0,0.0,0.0,0.0,0.0,0.0,0.0,0.0,0.0,0.0,0.0,0.0,0.0,0.0,0.0,0.0
17.0,25.0,0.0,0.0,0.0,0.0,0.0,0.0,0.0,0.0,0.0,0.0,0.0,0.0,0.0,0.0,0.0,0.0,0.0,0.0,0.0,0.0,0.0,0.0,0.0,0.0,0.0,0.0,0.0
18.0,0.0,0.0,2.3296902E-4,0.26691028,4.9546733,14.959843,0.0027175725,0.049666964,5.686823,8.216204,2.3512645,0.0018844781,0.9455781,0.003944608,9.211417,0.0,0.0,0.0,0.0,0.0,0.023458488,0.8833166,51.142456,0.0,0.0,0.0,0.0,0.0
18.0,1.0,0.0037611353,0.015281287,0.51298743,91.68202,64.17668,0.011905195,0.6215977,11.064437,12.690983,81.89406,0.19958048,1.1528834,0.41985476,17.291876,0.0,0.0,0.0,0.0,0.0,0.0,1.8201482,123.597565,0.0,0.0,0.0,0.0,0.0
18.0,2.0,0.0011788136,0.013071142,3.0398347,112.32282,56.937695,0.010085494,0.41417846,6.5480294,7.4303265,55.16737,1.3550068,2.287609,0.45924023,12.5403385,0.0,0.0,0.0,0.0,0.0,0.0,0.6028314,64.73342,0.0,0.0,0.0,0.0,0.0
18.0,3.0,0.3094015,0.024735171,0.19263831,120.192604,52.748383,0.002025469,0.47850516,5.62405,9.328239,27.856016,0.07402466,5.544576,0.7953192,6.3917904,0.0,0.0,0.0,0.0,0.0,0.0,0.35498363,56.33429,0.0,0.0,0.0,0.0,0.0
18.0,4.0,0.07544653,0.0054659788,0.7785064,75.81534,51.283848,0.0038966523,0.17599858,6.485865,3.3536475,48.251804,0.19765873,2.4730678,0.14333707,9.376004,0.0,0.0,0.0,0.0,0.0,0.0,0.163724,38.624344,0.0,0.0,0.0,0.0,0.0
18.0,5.0,0.10884457,0.008467817,0.60324895,67.72577,22.350286,2.9896037E-4,0.14259943,5.9497337,4.8068814,14.831208,0.05985156,2.5532236,0.051743973,2.2296598,0.0,0.0,0.0,0.0,0.0,0.0,0.087513,17.062895,0.0,0.0,0.0,0.0,0.0
18.0,6.0,0.079203196,1.9923947E-4,0.070524566,47.001728,17.797972,7.8516186E-4,0.18226525,1.1253607,1.6285648,10.775954,0.09431205,0.6600943,0.044767253,3.288199,0.0,0.0,0.0,0.0,0.0,0.0,0.042959213,13.753215,0.0,0.0,0.0,0.0,0.0
18.0,7.0,0.017108511,0.0010253845,0.16004515,31.692595,23.573883,1.376503E-4,0.5735981,1.6799718,2.4545844,6.859036,0.027206622,2.1811182,0.21332039,2.952064,0.0,0.0,0.0,0.0,0.0,0.0,0.03518611,14.080793,0.0,0.0,0.0,0.0,0.0
18.0,8.0,0.002507466,0.0023416982,0.6771604,21.968954,9.868279,6.426865E-5,0.008566986,0.6152286,0.8890941,11.735934,0.0034107603,0.52684605,0.07783956,1.1784046,0.0,0.0,0.0,0.0,0.0,0.0,0.014567974,4.681433,0.0,0.0,0.0,0.0,0.0
18.0,9.0,0.018413668,0.0016786176,0.077944994,9.077933,5.168069,1.6106473E-4,0.004350505,0.24499632,0.23510146,2.0332336,0.06617157,0.40768766,0.064192876,0.6696818,0.0,0.0,0.0,0.0,0.0,0.0,0.0010894088,1.6984415,0.0,0.0,0.0,0.0,0.0
18.0,10.0,0.012813732,0.0024569877,0.10749109,10.606551,5.04331,4.2515036E-5,0.0638957,0.63249236,0.45931193,3.5351794,0.0060710437,0.30722752,0.0102586765,0.42003593,0.0,0.0,0.0,0.0,0.0,0.0,0.014115921,2.3578813,0.0,0.0,0.0,0.0,0.0
18.0,11.0,0.012542911,9.7390606E-5,0.044969168,4.6645994,3.9937127,1.11138484E-4,0.025819348,0.12682527,0.38116258,1.6778046,0.048270963,0.53463227,0.038779434,0.5779911,0.0,0.0,0.0,0.0,0.0,0.0,0.0036285613,1.9097371,0.0,0.0,0.0,0.0,0.0
18.0,12.0,6.139707E-4,3.0648524E-5,0.08505874,2.290651,2.413546,1.1459422E-5,0.0055665704,0.057050932,0.074049614,0.7995071,0.012641065,0.29999948,0.034926847,0.48664355,0.0,0.0,0.0,0.0,0.0,0.0,9.526419E-4,1.0756352,0.0,0.0,0.0,0.0,0.0
18.0,13.0,0.0048697335,5.161176E-4,0.0041223224,0.9594938,0.5283815,6.6484795E-6,0.0014778182,0.051994286,0.07463033,0.23975524,0.0054666884,0.04714478,0.013831897,0.119123526,0.0,0.0,0.0,0.0,0.0,0.0,4.1845156E-4,0.2721589,0.0,0.0,0.0,0.0,0.0
18.0,14.0,0.010517781,1.1626149E-4,0.012289254,0.41256773,0.30445808,1.6905844E-5,0.0071566296,0.011668497,0.01483616,0.4222715,0.0010689831,0.03202579,3.2213997E-4,0.13997795,0.0,0.0,0.0,0.0,0.0,0.0,0.002091981,0.1891469,0.0,0.0,0.0,0.0,0.0
18.0,15.0,0.0015564288,4.2901618E-5,0.010172439,0.3714338,0.16251065,1.0785299E-5,0.0063299593,0.03246097,0.019349283,0.07437751,0.002626341,0.025985189,0.0031956874,0.030370278,0.0,0.0,0.0,0.0,0.0,0.0,0.0010443353,0.15266356,0.0,0.0,0.0,0.0,0.0
18.0,16.0,1.4045005E-4,8.068056E-6,0.0031146135,0.14672072,0.06417705,2.588524E-6,1.7842806E-4,5.3003815E-4,1.9595266E-6,0.05977566,2.8987942E-4,0.008870891,4.9217767E-4,0.021176057,0.0,0.0,0.0,0.0,0.0,0.0,5.3420827E-5,0.031980157,0.0,0.0,0.0,0.0,0.0
18.0,17.0,0.0,0.0,0.0,0.0,0.0,0.0,0.0,0.0,0.0,0.0,0.0,0.0,0.0,0.0,0.0,0.0,0.0,0.0,0.0,0.0,0.0,0.0,0.0,0.0,0.0,0.0,0.0
18.0,18.0,0.0,0.0,0.0,0.0,0.0,0.0,0.0,0.0,0.0,0.0,0.0,0.0,0.0,0.0,0.0,0.0,0.0,0.0,0.0,0.0,0.0,0.0,0.0,0.0,0.0,0.0,0.0
18.0,19.0,0.0,0.0,0.0,0.0,0.0,0.0,0.0,0.0,0.0,0.0,0.0,0.0,0.0,0.0,0.0,0.0,0.0,0.0,0.0,0.0,0.0,0.0,0.0,0.0,0.0,0.0,0.0
18.0,20.0,0.0,0.0,0.0,0.0,0.0,0.0,0.0,0.0,0.0,0.0,0.0,0.0,0.0,0.0,0.0,0.0,0.0,0.0,0.0,0.0,0.0,0.0,0.0,0.0,0.0,0.0,0.0
18.0,21.0,0.0,0.0,0.0,0.0,0.0,0.0,0.0,0.0,0.0,0.0,0.0,0.0,0.0,0.0,0.0,0.0,0.0,0.0,0.0,0.0,0.0,0.0,0.0,0.0,0.0,0.0,0.0
18.0,22.0,0.0,0.0,0.0,0.0,0.0,0.0,0.0,0.0,0.0,0.0,0.0,0.0,0.0,0.0,0.0,0.0,0.0,0.0,0.0,0.0,0.0,0.0,0.0,0.0,0.0,0.0,0.0
18.0,23.0,0.0,0.0,0.0,0.0,0.0,0.0,0.0,0.0,0.0,0.0,0.0,0.0,0.0,0.0,0.0,0.0,0.0,0.0,0.0,0.0,0.0,0.0,0.0,0.0,0.0,0.0,0.0
18.0,24.0,0.0,0.0,0.0,0.0,0.0,0.0,0.0,0.0,0.0,0.0,0.0,0.0,0.0,0.0,0.0,0.0,0.0,0.0,0.0,0.0,0.0,0.0,0.0,0.0,0.0,0.0,0.0
18.0,25.0,0.0,0.0,0.0,0.0,0.0,0.0,0.0,0.0,0.0,0.0,0.0,0.0,0.0,0.0,0.0,0.0,0.0,0.0,0.0,0.0,0.0,0.0,0.0,0.0,0.0,0.0,0.0
19.0,0.0,0.0,0.01655015,0.09359738,18.215786,41.957684,5.345056E-4,0.14191265,2.7348113,8.742209,0.50743765,0.007113542,1.2180265,0.009703574,2.8989007,0.0,0.0,0.0,0.0,0.0,0.029039215,0.88257414,57.422222,0.0,0.0,0.0,0.0,0.0
19.0,1.0,0.0,0.15940847,0.804534,119.39799,99.68302,0.05268641,0.83320886,7.2768974,10.176132,78.84952,0.6458254,0.17565882,0.09113438,2.0814362,0.0,0.0,0.0,0.0,0.0,0.0,1.70624,148.96454,0.0,0.0,0.0,0.0,0.0
19.0,2.0,0.022887247,0.009577675,0.38441482,119.40411,89.301476,0.0033981346,0.82701766,10.72756,10.4170475,71.27825,0.45106366,3.0739145,0.3051378,0.8977086,0.0,0.0,0.0,0.0,0.0,0.0,0.9434632,84.80713,0.0,0.0,0.0,0.0,0.0
19.0,3.0,0.06511677,0.010274988,0.31117257,106.28582,57.558132,0.0014557485,1.1391342,2.9868283,5.3468313,47.13366,0.42480814,1.6252277,0.03866954,2.2049026,0.0,0.0,0.0,0.0,0.0,0.0,0.8045279,64.55179,0.0,0.0,0.0,0.0,0.0
19.0,4.0,0.12121214,0.006100296,0.075538896,81.01225,52.105995,6.8738205E-5,0.641545,3.4828503,2.4821424,56.036053,0.63605607,4.9653325,1.2380282,2.4999,0.0,0.0,0.0,0.0,0.0,0.0,0.19551352,36.356247,0.0,0.0,0.0,0.0,0.0
19.0,5.0,0.029589366,0.012484429,0.23075065,74.751526,40.49955,5.6114414E-4,0.12084321,4.7803783,2.6391053,26.067526,0.33919126,7.3723645,0.4450753,1.5894817,0.0,0.0,0.0,0.0,0.0,0.0,0.09636315,30.294977,0.0,0.0,0.0,0.0,0.0
19.0,6.0,0.0048060794,0.0025957343,0.3372528,44.35995,25.690218,3.8765816E-4,0.09030687,1.5681323,1.9975835,13.358493,0.29096967,0.5537643,0.027093725,1.1150266,0.0,0.0,0.0,0.0,0.0,0.0,0.081091076,14.948018,0.0,0.0,0.0,0.0,0.0
19.0,7.0,0.061006367,0.0014598647,0.12768541,24.911825,19.21417,5.0519066E-5,0.20722228,1.1721437,1.5936031,9.750592,0.20669967,1.658679,0.37228024,0.40184608,0.0,0.0,0.0,0.0,0.0,0.0,0.113044634,10.606239,0.0,0.0,0.0,0.0,0.0
19.0,8.0,0.1736456,0.0039412025,0.37858087,26.345274,12.593721,1.2537181E-5,0.07894355,1.1902776,0.27319336,8.414911,0.009736282,1.1174798,0.12155664,0.37619686,0.0,0.0,0.0,0.0,0.0,0.0,0.052473493,8.213451,0.0,0.0,0.0,0.0,0.0
19.0,9.0,0.13116436,0.0053723115,0.8603523,11.955684,9.018256,3.88109E-5,0.057420425,0.59477395,0.21933462,7.8596206,0.021888597,0.8414471,0.07256346,0.6116042,0.0,0.0,0.0,0.0,0.0,0.0,0.014121648,4.7515864,0.0,0.0,0.0,0.0,0.0
19.0,10.0,0.0038000373,2.4474648E-4,0.059425287,6.521978,3.1933846,4.438945E-5,0.0071676006,0.14659847,0.18522325,1.4231417,0.014391288,0.61198276,0.107349135,0.19114889,0.0,0.0,0.0,0.0,0.0,0.0,0.0011395157,1.0157762,0.0,0.0,0.0,0.0,0.0
19.0,11.0,0.003579318,0.0033418576,0.04215742,7.588113,3.1548486,7.925349E-6,0.010016002,0.18428414,0.17093824,2.8462455,0.028815936,0.38554978,0.053530898,0.15427405,0.0,0.0,0.0,0.0,0.0,0.0,0.0015253171,1.5680981,0.0,0.0,0.0,0.0,0.0
19.0,12.0,7.0091925E-4,2.0978263E-5,0.045350973,3.8049235,1.9844042,9.9717245E-6,0.00539579,0.16518833,0.11689918,1.7402041,0.022091962,0.2910795,0.11259103,0.3363093,0.0,0.0,0.0,0.0,0.0,0.0,0.0014758531,0.83791876,0.0,0.0,0.0,0.0,0.0
19.0,13.0,2.2964693E-4,6.719414E-4,0.013769782,1.8753078,1.5003606,7.844034E-6,0.0010601799,0.076378174,0.039610647,0.7635661,0.008369101,0.20326193,0.01477212,0.07382507,0.0,0.0,0.0,0.0,0.0,0.0,9.391719E-4,0.6137094,0.0,0.0,0.0,0.0,0.0
19.0,14.0,0.001249474,1.8658074E-4,0.0042559905,0.51766175,0.39518645,3.0243123E-6,0.013640784,0.08721912,0.031028856,0.18393579,0.0036911764,0.05135606,0.0028686665,0.031680476,0.0,0.0,0.0,0.0,0.0,0.0,6.044705E-4,0.20999911,0.0,0.0,0.0,0.0,0.0
19.0,15.0,1.1969263E-4,3.493581E-5,0.00601923,0.4091636,0.18999529,2.5490337E-7,4.6590366E-4,0.034750197,0.019269845,0.18420702,0.0039548106,0.016862102,0.00213049,0.004097409,0.0,0.0,0.0,0.0,0.0,0.0,0.0025625306,0.17486204,0.0,0.0,0.0,0.0,0.0
19.0,16.0,6.486234E-5,3.063227E-5,0.0044818586,0.21133158,0.1263275,1.3923877E-6,1.8126251E-4,0.022973062,0.022411373,0.05743598,9.362095E-4,0.016990613,0.0064426707,0.017618185,0.0,0.0,0.0,0.0,0.0,0.0,3.5873795E-4,0.10690384,0.0,0.0,0.0,0.0,0.0
19.0,17.0,0.0,0.0,0.0,0.0,0.0,0.0,0.0,0.0,0.0,0.0,0.0,0.0,0.0,0.0,0.0,0.0,0.0,0.0,0.0,0.0,0.0,0.0,0.0,0.0,0.0,0.0,0.0
19.0,18.0,0.0,0.0,0.0,0.0,0.0,0.0,0.0,0.0,0.0,0.0,0.0,0.0,0.0,0.0,0.0,0.0,0.0,0.0,0.0,0.0,0.0,0.0,0.0,0.0,0.0,0.0,0.0
19.0,19.0,0.0,0.0,0.0,0.0,0.0,0.0,0.0,0.0,0.0,0.0,0.0,0.0,0.0,0.0,0.0,0.0,0.0,0.0,0.0,0.0,0.0,0.0,0.0,0.0,0.0,0.0,0.0
19.0,20.0,0.0,0.0,0.0,0.0,0.0,0.0,0.0,0.0,0.0,0.0,0.0,0.0,0.0,0.0,0.0,0.0,0.0,0.0,0.0,0.0,0.0,0.0,0.0,0.0,0.0,0.0,0.0
19.0,21.0,0.0,0.0,0.0,0.0,0.0,0.0,0.0,0.0,0.0,0.0,0.0,0.0,0.0,0.0,0.0,0.0,0.0,0.0,0.0,0.0,0.0,0.0,0.0,0.0,0.0,0.0,0.0
19.0,22.0,0.0,0.0,0.0,0.0,0.0,0.0,0.0,0.0,0.0,0.0,0.0,0.0,0.0,0.0,0.0,0.0,0.0,0.0,0.0,0.0,0.0,0.0,0.0,0.0,0.0,0.0,0.0
19.0,23.0,0.0,0.0,0.0,0.0,0.0,0.0,0.0,0.0,0.0,0.0,0.0,0.0,0.0,0.0,0.0,0.0,0.0,0.0,0.0,0.0,0.0,0.0,0.0,0.0,0.0,0.0,0.0
19.0,24.0,0.0,0.0,0.0,0.0,0.0,0.0,0.0,0.0,0.0,0.0,0.0,0.0,0.0,0.0,0.0,0.0,0.0,0.0,0.0,0.0,0.0,0.0,0.0,0.0,0.0,0.0,0.0
19.0,25.0,0.0,0.0,0.0,0.0,0.0,0.0,0.0,0.0,0.0,0.0,0.0,0.0,0.0,0.0,0.0,0.0,0.0,0.0,0.0,0.0,0.0,0.0,0.0,0.0,0.0,0.0,0.0
20.0,0.0,0.0,0.0031092677,0.16532208,17.095816,41.15552,0.0013137716,0.21807574,11.78803,13.939957,0.8843806,0.007043689,0.2754773,0.011985395,10.903185,0.0,0.0,0.0,0.0,0.0,0.03089062,0.849739,71.43235,0.0,0.0,0.0,0.0,0.0
20.0,1.0,0.0,0.100041024,0.9782501,113.403404,165.2327,0.0015195103,5.201994,19.722155,9.929878,61.33069,2.8808935,1.9516226,0.9146488,9.67118,0.0,0.0,0.0,0.0,0.0,0.0,2.276637,197.28323,0.0,0.0,0.0,0.0,0.0
20.0,2.0,0.036889303,0.073181994,0.58938146,160.79236,78.99331,0.0015766808,3.4670246,19.828295,7.373368,87.21666,0.30553806,10.886117,1.7445059,4.0451784,0.0,0.0,0.0,0.0,0.0,0.0,0.79066926,102.273155,0.0,0.0,0.0,0.0,0.0
20.0,3.0,0.023788115,0.017211566,0.67807704,72.80523,101.08333,3.2530678E-4,1.3127065,10.910195,5.9010906,37.923985,1.6936734,8.061396,0.15732515,21.93541,0.0,0.0,0.0,0.0,0.0,0.0,0.46116656,67.10583,0.0,0.0,0.0,0.0,0.0
20.0,4.0,0.08536156,0.0039698016,0.12404461,84.20447,56.264423,2.028804E-4,0.46399647,8.691294,3.3757162,45.142624,0.82800066,6.113674,0.11111951,4.2512093,0.0,0.0,0.0,0.0,0.0,0.0,0.17061083,33.965458,0.0,0.0,0.0,0.0,0.0
20.0,5.0,0.051178306,0.0066509363,0.49035597,85.08315,34.156456,9.3217626E-5,0.29706636,4.3415737,1.8515744,34.824387,0.9958793,2.3364935,0.08509667,6.4059725,0.0,0.0,0.0,0.0,0.0,0.0,0.06358901,24.631973,0.0,0.0,0.0,0.0,0.0
20.0,6.0,0.068207234,0.004475795,0.41450816,47.73248,39.161835,1.03589955E-4,0.22324517,3.29996,2.1636755,16.11151,0.53392047,4.1653085,0.020371905,8.138263,0.0,0.0,0.0,0.0,0.0,0.0,0.05476363,23.573883,0.0,0.0,0.0,0.0,0.0
20.0,7.0,0.043672476,0.0022842765,0.19424301,34.978664,18.623323,2.4069584E-4,0.020067342,0.7995258,1.8915086,8.789697,0.26066723,3.0154648,0.1239274,2.4536037,0.0,0.0,0.0,0.0,0.0,0.0,0.021634407,7.644285,0.0,0.0,0.0,0.0,0.0
20.0,8.0,0.0025072957,4.9770926E-4,0.2048183,17.573767,11.090685,1.2364555E-5,0.15212291,0.82573515,0.5487902,9.425219,0.060090665,1.4317183,0.039691217,3.038673,0.0,0.0,0.0,0.0,0.0,0.0,0.014496676,6.512707,0.0,0.0,0.0,0.0,0.0
20.0,9.0,0.017116686,0.0011003936,0.2406223,17.665916,8.108159,2.2658218E-5,0.048481207,1.1039869,0.8712088,6.236016,0.035024043,1.3198307,0.13369906,1.9749581,0.0,0.0,0.0,0.0,0.0,0.0,0.011472686,5.633569,0.0,0.0,0.0,0.0,0.0
20.0,10.0,0.05175528,1.8305158E-4,0.1879253,8.638717,5.342253,4.8259194E-6,0.029718744,0.06969086,0.16539183,7.0466223,0.002720453,0.8011174,0.08381393,1.2774836,0.0,0.0,0.0,0.0,0.0,0.0,0.0052077,2.1611135,0.0,0.0,0.0,0.0,0.0
20.0,11.0,0.008188177,6.1394024E-4,0.07184881,4.4865627,1.8829141,2.3462044E-6,0.018455416,0.042347375,0.19520478,0.7785916,0.010987334,0.55235577,0.021099597,0.16231658,0.0,0.0,0.0,0.0,0.0,0.0,2.0996579E-4,1.1631411,0.0,0.0,0.0,0.0,0.0
20.0,12.0,0.027350254,4.1562266E-4,0.051215716,4.7868924,2.0234609,1.3634805E-5,0.078567356,0.2098616,0.098916054,1.4552853,0.043066084,0.3712683,0.031840943,0.4773861,0.0,0.0,0.0,0.0,0.0,0.0,9.883114E-4,1.3439059,0.0,0.0,0.0,0.0,0.0
20.0,13.0,0.009534437,8.8025896E-5,0.060469918,2.4019003,1.5458946,1.8641387E-5,0.0031993012,0.04344866,0.05036176,1.2548319,0.008490649,0.1910855,0.03123704,0.15729275,0.0,0.0,0.0,0.0,0.0,0.0,4.3688453E-4,0.6768191,0.0,0.0,0.0,0.0,0.0
20.0,14.0,3.2930067E-4,5.0793038E-5,0.019805256,1.0660946,1.1136608,2.222043E-6,0.016747909,0.03839954,0.010356927,0.5017598,0.010024157,0.18300496,0.007208465,0.19366181,0.0,0.0,0.0,0.0,0.0,0.0,3.4175927E-4,0.3074971,0.0,0.0,0.0,0.0,0.0
20.0,15.0,9.538905E-4,7.153185E-6,0.01356891,0.48743513,0.18988757,1.5846285E-6,0.0010343217,0.018933812,0.007815155,0.12839632,0.0014279044,0.03943917,0.0018511121,0.025107663,0.0,0.0,0.0,0.0,0.0,0.0,2.4355418E-4,0.12776811,0.0,0.0,0.0,0.0,0.0
20.0,16.0,2.9336428E-5,2.344842E-6,0.0024294436,0.2451514,0.24000442,5.682778E-7,6.242752E-4,0.0051516616,0.0027555192,0.05694598,8.050075E-4,0.01612665,1.503087E-4,0.030035893,0.0,0.0,0.0,0.0,0.0,0.0,2.0989735E-4,0.10169766,0.0,0.0,0.0,0.0,0.0
20.0,17.0,0.0,0.0,0.0,0.0,0.0,0.0,0.0,0.0,0.0,0.0,0.0,0.0,0.0,0.0,0.0,0.0,0.0,0.0,0.0,0.0,0.0,0.0,0.0,0.0,0.0,0.0,0.0
20.0,18.0,0.0,0.0,0.0,0.0,0.0,0.0,0.0,0.0,0.0,0.0,0.0,0.0,0.0,0.0,0.0,0.0,0.0,0.0,0.0,0.0,0.0,0.0,0.0,0.0,0.0,0.0,0.0
20.0,19.0,0.0,0.0,0.0,0.0,0.0,0.0,0.0,0.0,0.0,0.0,0.0,0.0,0.0,0.0,0.0,0.0,0.0,0.0,0.0,0.0,0.0,0.0,0.0,0.0,0.0,0.0,0.0
20.0,20.0,0.0,0.0,0.0,0.0,0.0,0.0,0.0,0.0,0.0,0.0,0.0,0.0,0.0,0.0,0.0,0.0,0.0,0.0,0.0,0.0,0.0,0.0,0.0,0.0,0.0,0.0,0.0
20.0,21.0,0.0,0.0,0.0,0.0,0.0,0.0,0.0,0.0,0.0,0.0,0.0,0.0,0.0,0.0,0.0,0.0,0.0,0.0,0.0,0.0,0.0,0.0,0.0,0.0,0.0,0.0,0.0
20.0,22.0,0.0,0.0,0.0,0.0,0.0,0.0,0.0,0.0,0.0,0.0,0.0,0.0,0.0,0.0,0.0,0.0,0.0,0.0,0.0,0.0,0.0,0.0,0.0,0.0,0.0,0.0,0.0
20.0,23.0,0.0,0.0,0.0,0.0,0.0,0.0,0.0,0.0,0.0,0.0,0.0,0.0,0.0,0.0,0.0,0.0,0.0,0.0,0.0,0.0,0.0,0.0,0.0,0.0,0.0,0.0,0.0
20.0,24.0,0.0,0.0,0.0,0.0,0.0,0.0,0.0,0.0,0.0,0.0,0.0,0.0,0.0,0.0,0.0,0.0,0.0,0.0,0.0,0.0,0.0,0.0,0.0,0.0,0.0,0.0,0.0
20.0,25.0,0.0,0.0,0.0,0.0,0.0,0.0,0.0,0.0,0.0,0.0,0.0,0.0,0.0,0.0,0.0,0.0,0.0,0.0,0.0,0.0,0.0,0.0,0.0,0.0,0.0,0.0,0.0
